# 20 out of 20 mutations
10 #trees
10 #edges, tree 1
10;12 17;20
2;3 14;18
2;3 13
2;3 10;12
2;3 7;9
0 11;15
0 8;16
0 4;6
0 2;3
0 1;5
10 #edges, tree 2
10;12 17;20
7;9 13
2;3 14;18
2;3 10;12
2;3 7;9
0 11;15
0 8;16
0 4;6
0 2;3
0 1;5
10 #edges, tree 3
8;16 11;15
10;12 17;20
2;3 14;18
2;3 13
2;3 10;12
2;3 7;9
0 8;16
0 4;6
0 2;3
0 1;5
10 #edges, tree 4
8;16 11;15
10;12 17;20
7;9 13
2;3 14;18
2;3 10;12
2;3 7;9
0 8;16
0 4;6
0 2;3
0 1;5
10 #edges, tree 5
11;15 1;5
10;12 17;20
7;9 13
2;3 14;18
2;3 10;12
2;3 7;9
0 11;15
0 8;16
0 4;6
0 2;3
10 #edges, tree 6
8;16 1;5
10;12 17;20
7;9 13
2;3 14;18
2;3 10;12
2;3 7;9
0 11;15
0 8;16
0 4;6
0 2;3
10 #edges, tree 7
11;15 1;5
10;12 17;20
2;3 14;18
2;3 13
2;3 10;12
2;3 7;9
0 11;15
0 8;16
0 4;6
0 2;3
10 #edges, tree 8
8;16 1;5
10;12 17;20
2;3 14;18
2;3 13
2;3 10;12
2;3 7;9
0 11;15
0 8;16
0 4;6
0 2;3
10 #edges, tree 9
11;15 1;5
8;16 11;15
10;12 17;20
7;9 13
2;3 14;18
2;3 10;12
2;3 7;9
0 8;16
0 4;6
0 2;3
10 #edges, tree 10
11;15 1;5
8;16 11;15
10;12 17;20
2;3 14;18
2;3 13
2;3 10;12
2;3 7;9
0 8;16
0 4;6
0 2;3
