# 16 out of 16 mutations
60 #trees
10 #edges, tree 1
10;12;15 11;13
3 6
3 7;8
7;8 14
1 4;9
0 10;12;15
0 5
0 3
0 2
0 1
10 #edges, tree 2
10;12;15 11;13
3 6
3 7;8
1 14
1 4;9
0 10;12;15
0 5
0 3
0 2
0 1
10 #edges, tree 3
10;12;15 11;13
3 6
3 7;8
4;9 14
1 4;9
0 10;12;15
0 5
0 3
0 2
0 1
10 #edges, tree 4
10;12;15 11;13
3 6
1 14
1 7;8
1 4;9
0 10;12;15
0 5
0 3
0 2
0 1
10 #edges, tree 5
10;12;15 11;13
3 6
4;9 7;8
1 14
1 4;9
0 10;12;15
0 5
0 3
0 2
0 1
10 #edges, tree 6
10;12;15 11;13
3 6
3 14
1 7;8
1 4;9
0 10;12;15
0 5
0 3
0 2
0 1
10 #edges, tree 7
10;12;15 11;13
3 6
7;8 14
1 7;8
1 4;9
0 10;12;15
0 5
0 3
0 2
0 1
10 #edges, tree 8
10;12;15 11;13
3 6
4;9 14
1 7;8
1 4;9
0 10;12;15
0 5
0 3
0 2
0 1
10 #edges, tree 9
10;12;15 11;13
3 6
3 14
4;9 7;8
1 4;9
0 10;12;15
0 5
0 3
0 2
0 1
10 #edges, tree 10
10;12;15 11;13
3 6
7;8 14
4;9 7;8
1 4;9
0 10;12;15
0 5
0 3
0 2
0 1
10 #edges, tree 11
3 6
3 7;8
7;8 14
1 11;13
1 4;9
0 10;12;15
0 5
0 3
0 2
0 1
10 #edges, tree 12
5 11;13
3 6
3 7;8
7;8 14
1 4;9
0 10;12;15
0 5
0 3
0 2
0 1
10 #edges, tree 13
5 11;13
3 6
3 7;8
4;9 14
1 4;9
0 10;12;15
0 5
0 3
0 2
0 1
10 #edges, tree 14
5 11;13
3 6
3 7;8
1 14
1 4;9
0 10;12;15
0 5
0 3
0 2
0 1
10 #edges, tree 15
3 6
3 7;8
1 11;13
1 14
1 4;9
0 10;12;15
0 5
0 3
0 2
0 1
10 #edges, tree 16
3 6
3 7;8
4;9 14
1 11;13
1 4;9
0 10;12;15
0 5
0 3
0 2
0 1
10 #edges, tree 17
3 6
4;9 7;8
1 11;13
1 14
1 4;9
0 10;12;15
0 5
0 3
0 2
0 1
10 #edges, tree 18
3 6
1 11;13
1 14
1 7;8
1 4;9
0 10;12;15
0 5
0 3
0 2
0 1
10 #edges, tree 19
3 6
7;8 14
1 11;13
1 7;8
1 4;9
0 10;12;15
0 5
0 3
0 2
0 1
10 #edges, tree 20
3 6
3 14
1 11;13
1 7;8
1 4;9
0 10;12;15
0 5
0 3
0 2
0 1
10 #edges, tree 21
3 6
4;9 14
1 11;13
1 7;8
1 4;9
0 10;12;15
0 5
0 3
0 2
0 1
10 #edges, tree 22
3 6
3 14
4;9 7;8
1 11;13
1 4;9
0 10;12;15
0 5
0 3
0 2
0 1
10 #edges, tree 23
3 6
7;8 14
4;9 7;8
1 11;13
1 4;9
0 10;12;15
0 5
0 3
0 2
0 1
10 #edges, tree 24
5 11;13
3 6
3 14
4;9 7;8
1 4;9
0 10;12;15
0 5
0 3
0 2
0 1
10 #edges, tree 25
5 11;13
3 6
3 14
1 7;8
1 4;9
0 10;12;15
0 5
0 3
0 2
0 1
10 #edges, tree 26
5 11;13
3 6
4;9 14
1 7;8
1 4;9
0 10;12;15
0 5
0 3
0 2
0 1
10 #edges, tree 27
5 11;13
3 6
1 14
1 7;8
1 4;9
0 10;12;15
0 5
0 3
0 2
0 1
10 #edges, tree 28
5 11;13
3 6
7;8 14
1 7;8
1 4;9
0 10;12;15
0 5
0 3
0 2
0 1
10 #edges, tree 29
5 11;13
3 6
4;9 7;8
1 14
1 4;9
0 10;12;15
0 5
0 3
0 2
0 1
10 #edges, tree 30
5 11;13
3 6
7;8 14
4;9 7;8
1 4;9
0 10;12;15
0 5
0 3
0 2
0 1
10 #edges, tree 31
3 6
3 7;8
4;9 14
1 10;12;15
1 4;9
0 11;13
0 5
0 3
0 2
0 1
10 #edges, tree 32
3 6
3 7;8
1 10;12;15
1 14
1 4;9
0 11;13
0 5
0 3
0 2
0 1
10 #edges, tree 33
3 6
3 7;8
7;8 14
1 10;12;15
1 4;9
0 11;13
0 5
0 3
0 2
0 1
10 #edges, tree 34
5 11;13
3 6
3 7;8
1 10;12;15
1 14
1 4;9
0 5
0 3
0 2
0 1
10 #edges, tree 35
10;12;15 11;13
3 6
3 7;8
1 10;12;15
1 14
1 4;9
0 5
0 3
0 2
0 1
10 #edges, tree 36
10;12;15 11;13
3 6
3 7;8
4;9 14
1 10;12;15
1 4;9
0 5
0 3
0 2
0 1
10 #edges, tree 37
5 11;13
3 6
3 7;8
4;9 14
1 10;12;15
1 4;9
0 5
0 3
0 2
0 1
10 #edges, tree 38
5 11;13
3 6
3 7;8
7;8 14
1 10;12;15
1 4;9
0 5
0 3
0 2
0 1
10 #edges, tree 39
10;12;15 11;13
3 6
3 7;8
7;8 14
1 10;12;15
1 4;9
0 5
0 3
0 2
0 1
10 #edges, tree 40
3 6
3 14
4;9 7;8
1 10;12;15
1 4;9
0 11;13
0 5
0 3
0 2
0 1
10 #edges, tree 41
3 6
3 14
1 10;12;15
1 7;8
1 4;9
0 11;13
0 5
0 3
0 2
0 1
10 #edges, tree 42
3 6
7;8 14
1 10;12;15
1 7;8
1 4;9
0 11;13
0 5
0 3
0 2
0 1
10 #edges, tree 43
3 6
4;9 14
1 10;12;15
1 7;8
1 4;9
0 11;13
0 5
0 3
0 2
0 1
10 #edges, tree 44
3 6
1 10;12;15
1 14
1 7;8
1 4;9
0 11;13
0 5
0 3
0 2
0 1
10 #edges, tree 45
3 6
4;9 7;8
1 10;12;15
1 14
1 4;9
0 11;13
0 5
0 3
0 2
0 1
10 #edges, tree 46
3 6
7;8 14
4;9 7;8
1 10;12;15
1 4;9
0 11;13
0 5
0 3
0 2
0 1
10 #edges, tree 47
5 11;13
3 6
1 10;12;15
1 14
1 7;8
1 4;9
0 5
0 3
0 2
0 1
10 #edges, tree 48
5 11;13
3 6
4;9 7;8
1 10;12;15
1 14
1 4;9
0 5
0 3
0 2
0 1
10 #edges, tree 49
5 11;13
3 6
3 14
4;9 7;8
1 10;12;15
1 4;9
0 5
0 3
0 2
0 1
10 #edges, tree 50
5 11;13
3 6
3 14
1 10;12;15
1 7;8
1 4;9
0 5
0 3
0 2
0 1
10 #edges, tree 51
5 11;13
3 6
4;9 14
1 10;12;15
1 7;8
1 4;9
0 5
0 3
0 2
0 1
10 #edges, tree 52
5 11;13
3 6
7;8 14
4;9 7;8
1 10;12;15
1 4;9
0 5
0 3
0 2
0 1
10 #edges, tree 53
5 11;13
3 6
7;8 14
1 10;12;15
1 7;8
1 4;9
0 5
0 3
0 2
0 1
10 #edges, tree 54
10;12;15 11;13
3 6
3 14
1 10;12;15
1 7;8
1 4;9
0 5
0 3
0 2
0 1
10 #edges, tree 55
10;12;15 11;13
3 6
3 14
4;9 7;8
1 10;12;15
1 4;9
0 5
0 3
0 2
0 1
10 #edges, tree 56
10;12;15 11;13
3 6
1 10;12;15
1 14
1 7;8
1 4;9
0 5
0 3
0 2
0 1
10 #edges, tree 57
10;12;15 11;13
3 6
4;9 7;8
1 10;12;15
1 14
1 4;9
0 5
0 3
0 2
0 1
10 #edges, tree 58
10;12;15 11;13
3 6
7;8 14
4;9 7;8
1 10;12;15
1 4;9
0 5
0 3
0 2
0 1
10 #edges, tree 59
10;12;15 11;13
3 6
7;8 14
1 10;12;15
1 7;8
1 4;9
0 5
0 3
0 2
0 1
10 #edges, tree 60
10;12;15 11;13
3 6
4;9 14
1 10;12;15
1 7;8
1 4;9
0 5
0 3
0 2
0 1
