# 16 out of 16 mutations
12 #trees
10 #edges, tree 1
5 11;13
1 14
1 7;8
1 4;9
0 10;12;15
0 5
0 6
0 3
0 2
0 1
10 #edges, tree 2
5 11;13
3 7;8
1 14
1 4;9
0 10;12;15
0 5
0 6
0 3
0 2
0 1
10 #edges, tree 3
5 11;13
4;9 7;8
1 14
1 4;9
0 10;12;15
0 5
0 6
0 3
0 2
0 1
10 #edges, tree 4
10;12;15 14
5 11;13
3 7;8
1 4;9
0 10;12;15
0 5
0 6
0 3
0 2
0 1
10 #edges, tree 5
10;12;15 14
5 11;13
4;9 7;8
1 4;9
0 10;12;15
0 5
0 6
0 3
0 2
0 1
10 #edges, tree 6
10;12;15 14
5 11;13
1 7;8
1 4;9
0 10;12;15
0 5
0 6
0 3
0 2
0 1
10 #edges, tree 7
5 11;13
3 6
3 7;8
1 14
1 4;9
0 10;12;15
0 5
0 3
0 2
0 1
10 #edges, tree 8
5 11;13
3 6
4;9 7;8
1 14
1 4;9
0 10;12;15
0 5
0 3
0 2
0 1
10 #edges, tree 9
5 11;13
3 6
1 14
1 7;8
1 4;9
0 10;12;15
0 5
0 3
0 2
0 1
10 #edges, tree 10
10;12;15 14
5 11;13
3 6
1 7;8
1 4;9
0 10;12;15
0 5
0 3
0 2
0 1
10 #edges, tree 11
10;12;15 14
5 11;13
3 6
3 7;8
1 4;9
0 10;12;15
0 5
0 3
0 2
0 1
10 #edges, tree 12
10;12;15 14
5 11;13
3 6
4;9 7;8
1 4;9
0 10;12;15
0 5
0 3
0 2
0 1
