# 27 out of 27 mutations
6 #trees
12 #edges, tree 1
20;22;26 25
7;8 20;22;26
10 16
10 21;24
10 15
10 14;17
9;11 18;19;23
6 12;13
6 10
6 9;11
0;1;2;3;4;5 7;8
0;1;2;3;4;5 6
12 #edges, tree 2
7;8 20;22;26
14;17 25
10 16
10 21;24
10 15
10 14;17
9;11 18;19;23
6 12;13
6 10
6 9;11
0;1;2;3;4;5 7;8
0;1;2;3;4;5 6
12 #edges, tree 3
20;22;26 25
7;8 20;22;26
15 21;24
10 16
10 15
10 14;17
9;11 18;19;23
6 12;13
6 10
6 9;11
0;1;2;3;4;5 7;8
0;1;2;3;4;5 6
12 #edges, tree 4
7;8 20;22;26
15 21;24
14;17 25
10 16
10 15
10 14;17
9;11 18;19;23
6 12;13
6 10
6 9;11
0;1;2;3;4;5 7;8
0;1;2;3;4;5 6
12 #edges, tree 5
20;22;26 25
7;8 20;22;26
14;17 21;24
10 16
10 15
10 14;17
9;11 18;19;23
6 12;13
6 10
6 9;11
0;1;2;3;4;5 7;8
0;1;2;3;4;5 6
12 #edges, tree 6
7;8 20;22;26
14;17 21;24
14;17 25
10 16
10 15
10 14;17
9;11 18;19;23
6 12;13
6 10
6 9;11
0;1;2;3;4;5 7;8
0;1;2;3;4;5 6
