# 19 out of 19 mutations
352 #trees
12 #edges, tree 1
8 12
9 15;17
9 14;16
9 13
5 9
1 3;11
1 2;4;6;10
0 8
0 18
0 7
0 5
0 1
12 #edges, tree 2
8 12
9 15;17
9 14;16
5 9
3;11 13
1 3;11
1 2;4;6;10
0 8
0 18
0 7
0 5
0 1
12 #edges, tree 3
8 2;4;6;10
9 15;17
9 14;16
5 9
3;11 13
1 12
1 3;11
0 8
0 18
0 7
0 5
0 1
12 #edges, tree 4
8 2;4;6;10
9 15;17
9 14;16
9 13
5 9
1 12
1 3;11
0 8
0 18
0 7
0 5
0 1
12 #edges, tree 5
8 2;4;6;10
9 15;17
9 14;16
9 13
5 9
2;4;6;10 12
1 3;11
0 8
0 18
0 7
0 5
0 1
12 #edges, tree 6
9 15;17
9 14;16
9 13
5 9
2;4;6;10 12
1 3;11
1 2;4;6;10
0 8
0 18
0 7
0 5
0 1
12 #edges, tree 7
8 2;4;6;10
9 15;17
9 14;16
5 9
3;11 13
2;4;6;10 12
1 3;11
0 8
0 18
0 7
0 5
0 1
12 #edges, tree 8
9 15;17
9 14;16
5 9
3;11 13
2;4;6;10 12
1 3;11
1 2;4;6;10
0 8
0 18
0 7
0 5
0 1
12 #edges, tree 9
8 2;4;6;10
9 15;17
9 13
5 9
3;11 14;16
1 12
1 3;11
0 8
0 18
0 7
0 5
0 1
12 #edges, tree 10
8 2;4;6;10
9 15;17
9 13
5 9
13 14;16
1 12
1 3;11
0 8
0 18
0 7
0 5
0 1
12 #edges, tree 11
8 2;4;6;10
9 15;17
5 9
3;11 14;16
3;11 13
1 12
1 3;11
0 8
0 18
0 7
0 5
0 1
12 #edges, tree 12
8 2;4;6;10
9 15;17
5 9
13 14;16
3;11 13
1 12
1 3;11
0 8
0 18
0 7
0 5
0 1
12 #edges, tree 13
9 15;17
9 13
5 9
13 14;16
2;4;6;10 12
1 3;11
1 2;4;6;10
0 8
0 18
0 7
0 5
0 1
12 #edges, tree 14
9 15;17
9 13
5 9
3;11 14;16
2;4;6;10 12
1 3;11
1 2;4;6;10
0 8
0 18
0 7
0 5
0 1
12 #edges, tree 15
9 15;17
5 9
3;11 14;16
3;11 13
2;4;6;10 12
1 3;11
1 2;4;6;10
0 8
0 18
0 7
0 5
0 1
12 #edges, tree 16
9 15;17
5 9
13 14;16
3;11 13
2;4;6;10 12
1 3;11
1 2;4;6;10
0 8
0 18
0 7
0 5
0 1
12 #edges, tree 17
8 12
9 15;17
9 13
5 9
3;11 14;16
1 3;11
1 2;4;6;10
0 8
0 18
0 7
0 5
0 1
12 #edges, tree 18
8 12
9 15;17
5 9
3;11 14;16
3;11 13
1 3;11
1 2;4;6;10
0 8
0 18
0 7
0 5
0 1
12 #edges, tree 19
8 12
9 15;17
9 13
5 9
13 14;16
1 3;11
1 2;4;6;10
0 8
0 18
0 7
0 5
0 1
12 #edges, tree 20
8 12
9 15;17
5 9
13 14;16
3;11 13
1 3;11
1 2;4;6;10
0 8
0 18
0 7
0 5
0 1
12 #edges, tree 21
8 2;4;6;10
9 15;17
5 9
3;11 14;16
3;11 13
2;4;6;10 12
1 3;11
0 8
0 18
0 7
0 5
0 1
12 #edges, tree 22
8 2;4;6;10
9 15;17
5 9
13 14;16
3;11 13
2;4;6;10 12
1 3;11
0 8
0 18
0 7
0 5
0 1
12 #edges, tree 23
8 2;4;6;10
9 15;17
9 13
5 9
13 14;16
2;4;6;10 12
1 3;11
0 8
0 18
0 7
0 5
0 1
12 #edges, tree 24
8 2;4;6;10
9 15;17
9 13
5 9
3;11 14;16
2;4;6;10 12
1 3;11
0 8
0 18
0 7
0 5
0 1
12 #edges, tree 25
8 2;4;6;10
9 14;16
9 13
5 9
14;16 15;17
1 12
1 3;11
0 8
0 18
0 7
0 5
0 1
12 #edges, tree 26
8 2;4;6;10
9 14;16
9 13
5 9
13 15;17
1 12
1 3;11
0 8
0 18
0 7
0 5
0 1
12 #edges, tree 27
8 2;4;6;10
9 14;16
9 13
5 9
3;11 15;17
1 12
1 3;11
0 8
0 18
0 7
0 5
0 1
12 #edges, tree 28
9 14;16
9 13
5 9
14;16 15;17
2;4;6;10 12
1 3;11
1 2;4;6;10
0 8
0 18
0 7
0 5
0 1
12 #edges, tree 29
8 12
9 14;16
9 13
5 9
14;16 15;17
1 3;11
1 2;4;6;10
0 8
0 18
0 7
0 5
0 1
12 #edges, tree 30
9 14;16
9 13
5 9
3;11 15;17
2;4;6;10 12
1 3;11
1 2;4;6;10
0 8
0 18
0 7
0 5
0 1
12 #edges, tree 31
9 14;16
9 13
5 9
13 15;17
2;4;6;10 12
1 3;11
1 2;4;6;10
0 8
0 18
0 7
0 5
0 1
12 #edges, tree 32
8 12
9 14;16
9 13
5 9
13 15;17
1 3;11
1 2;4;6;10
0 8
0 18
0 7
0 5
0 1
12 #edges, tree 33
8 12
9 14;16
9 13
5 9
3;11 15;17
1 3;11
1 2;4;6;10
0 8
0 18
0 7
0 5
0 1
12 #edges, tree 34
8 2;4;6;10
9 14;16
9 13
5 9
3;11 15;17
2;4;6;10 12
1 3;11
0 8
0 18
0 7
0 5
0 1
12 #edges, tree 35
8 2;4;6;10
9 14;16
9 13
5 9
14;16 15;17
2;4;6;10 12
1 3;11
0 8
0 18
0 7
0 5
0 1
12 #edges, tree 36
8 2;4;6;10
9 14;16
9 13
5 9
13 15;17
2;4;6;10 12
1 3;11
0 8
0 18
0 7
0 5
0 1
12 #edges, tree 37
8 2;4;6;10
9 14;16
5 9
14;16 15;17
3;11 13
1 12
1 3;11
0 8
0 18
0 7
0 5
0 1
12 #edges, tree 38
8 2;4;6;10
9 14;16
5 9
14;16 15;17
3;11 13
2;4;6;10 12
1 3;11
0 8
0 18
0 7
0 5
0 1
12 #edges, tree 39
8 12
9 14;16
5 9
14;16 15;17
3;11 13
1 3;11
1 2;4;6;10
0 8
0 18
0 7
0 5
0 1
12 #edges, tree 40
9 14;16
5 9
14;16 15;17
3;11 13
2;4;6;10 12
1 3;11
1 2;4;6;10
0 8
0 18
0 7
0 5
0 1
12 #edges, tree 41
8 2;4;6;10
9 14;16
5 9
3;11 15;17
3;11 13
2;4;6;10 12
1 3;11
0 8
0 18
0 7
0 5
0 1
12 #edges, tree 42
8 2;4;6;10
9 14;16
5 9
13 15;17
3;11 13
2;4;6;10 12
1 3;11
0 8
0 18
0 7
0 5
0 1
12 #edges, tree 43
8 2;4;6;10
9 14;16
5 9
3;11 15;17
3;11 13
1 12
1 3;11
0 8
0 18
0 7
0 5
0 1
12 #edges, tree 44
8 2;4;6;10
9 14;16
5 9
13 15;17
3;11 13
1 12
1 3;11
0 8
0 18
0 7
0 5
0 1
12 #edges, tree 45
8 12
9 14;16
5 9
13 15;17
3;11 13
1 3;11
1 2;4;6;10
0 8
0 18
0 7
0 5
0 1
12 #edges, tree 46
8 12
9 14;16
5 9
3;11 15;17
3;11 13
1 3;11
1 2;4;6;10
0 8
0 18
0 7
0 5
0 1
12 #edges, tree 47
9 14;16
5 9
3;11 15;17
3;11 13
2;4;6;10 12
1 3;11
1 2;4;6;10
0 8
0 18
0 7
0 5
0 1
12 #edges, tree 48
9 14;16
5 9
13 15;17
3;11 13
2;4;6;10 12
1 3;11
1 2;4;6;10
0 8
0 18
0 7
0 5
0 1
12 #edges, tree 49
8 2;4;6;10
9 3;11
5 9
13 14;16
3;11 15;17
3;11 13
2;4;6;10 12
0 8
0 18
0 7
0 5
0 1
12 #edges, tree 50
8 2;4;6;10
9 3;11
5 9
13 14;16
3;11 15;17
3;11 13
1 12
0 8
0 18
0 7
0 5
0 1
12 #edges, tree 51
8 2;4;6;10
9 3;11
5 9
3;11 15;17
3;11 13
1 12
1 14;16
0 8
0 18
0 7
0 5
0 1
12 #edges, tree 52
8 2;4;6;10
9 3;11
5 9
3;11 15;17
3;11 14;16
3;11 13
1 12
0 8
0 18
0 7
0 5
0 1
12 #edges, tree 53
8 2;4;6;10
9 3;11
5 9
3;11 15;17
3;11 14;16
3;11 13
2;4;6;10 12
0 8
0 18
0 7
0 5
0 1
12 #edges, tree 54
8 2;4;6;10
9 3;11
5 9
3;11 15;17
3;11 13
2;4;6;10 12
1 14;16
0 8
0 18
0 7
0 5
0 1
12 #edges, tree 55
8 2;4;6;10
9 3;11
5 9
13 15;17
3;11 14;16
3;11 13
2;4;6;10 12
0 8
0 18
0 7
0 5
0 1
12 #edges, tree 56
8 2;4;6;10
9 3;11
5 9
13 15;17
3;11 13
2;4;6;10 12
1 14;16
0 8
0 18
0 7
0 5
0 1
12 #edges, tree 57
8 2;4;6;10
9 3;11
5 9
13 15;17
3;11 13
1 12
1 14;16
0 8
0 18
0 7
0 5
0 1
12 #edges, tree 58
8 2;4;6;10
9 3;11
5 9
13 15;17
3;11 14;16
3;11 13
1 12
0 8
0 18
0 7
0 5
0 1
12 #edges, tree 59
8 2;4;6;10
9 3;11
5 9
14;16 15;17
3;11 14;16
3;11 13
2;4;6;10 12
0 8
0 18
0 7
0 5
0 1
12 #edges, tree 60
8 2;4;6;10
9 3;11
5 9
14;16 15;17
3;11 14;16
3;11 13
1 12
0 8
0 18
0 7
0 5
0 1
12 #edges, tree 61
8 2;4;6;10
9 3;11
5 9
3;11 14;16
3;11 13
2;4;6;10 12
1 15;17
0 8
0 18
0 7
0 5
0 1
12 #edges, tree 62
8 2;4;6;10
9 3;11
5 9
3;11 14;16
3;11 13
1 12
1 15;17
0 8
0 18
0 7
0 5
0 1
12 #edges, tree 63
8 2;4;6;10
9 3;11
5 9
14;16 15;17
13 14;16
3;11 13
2;4;6;10 12
0 8
0 18
0 7
0 5
0 1
12 #edges, tree 64
8 2;4;6;10
9 3;11
5 9
13 14;16
3;11 13
2;4;6;10 12
1 15;17
0 8
0 18
0 7
0 5
0 1
12 #edges, tree 65
8 2;4;6;10
9 3;11
5 9
14;16 15;17
13 14;16
3;11 13
1 12
0 8
0 18
0 7
0 5
0 1
12 #edges, tree 66
8 2;4;6;10
9 3;11
5 9
13 14;16
3;11 13
1 12
1 15;17
0 8
0 18
0 7
0 5
0 1
12 #edges, tree 67
8 2;4;6;10
9 3;11
5 9
14;16 15;17
3;11 13
2;4;6;10 12
1 14;16
0 8
0 18
0 7
0 5
0 1
12 #edges, tree 68
8 2;4;6;10
9 3;11
5 9
3;11 13
2;4;6;10 12
1 15;17
1 14;16
0 8
0 18
0 7
0 5
0 1
12 #edges, tree 69
8 2;4;6;10
9 3;11
5 9
3;11 13
1 12
1 15;17
1 14;16
0 8
0 18
0 7
0 5
0 1
12 #edges, tree 70
8 2;4;6;10
9 3;11
5 9
14;16 15;17
3;11 13
1 12
1 14;16
0 8
0 18
0 7
0 5
0 1
12 #edges, tree 71
8 12
9 3;11
5 9
13 15;17
3;11 14;16
3;11 13
1 2;4;6;10
0 8
0 18
0 7
0 5
0 1
12 #edges, tree 72
8 12
9 3;11
5 9
13 15;17
3;11 13
1 14;16
1 2;4;6;10
0 8
0 18
0 7
0 5
0 1
12 #edges, tree 73
9 3;11
5 9
13 15;17
3;11 14;16
3;11 13
2;4;6;10 12
1 2;4;6;10
0 8
0 18
0 7
0 5
0 1
12 #edges, tree 74
9 3;11
5 9
13 15;17
3;11 13
2;4;6;10 12
1 14;16
1 2;4;6;10
0 8
0 18
0 7
0 5
0 1
12 #edges, tree 75
8 12
9 3;11
5 9
14;16 15;17
13 14;16
3;11 13
1 2;4;6;10
0 8
0 18
0 7
0 5
0 1
12 #edges, tree 76
9 3;11
5 9
14;16 15;17
13 14;16
3;11 13
2;4;6;10 12
1 2;4;6;10
0 8
0 18
0 7
0 5
0 1
12 #edges, tree 77
8 12
9 3;11
5 9
13 14;16
3;11 15;17
3;11 13
1 2;4;6;10
0 8
0 18
0 7
0 5
0 1
12 #edges, tree 78
9 3;11
5 9
13 14;16
3;11 15;17
3;11 13
2;4;6;10 12
1 2;4;6;10
0 8
0 18
0 7
0 5
0 1
12 #edges, tree 79
9 3;11
5 9
13 14;16
3;11 13
2;4;6;10 12
1 15;17
1 2;4;6;10
0 8
0 18
0 7
0 5
0 1
12 #edges, tree 80
8 12
9 3;11
5 9
13 14;16
3;11 13
1 15;17
1 2;4;6;10
0 8
0 18
0 7
0 5
0 1
12 #edges, tree 81
8 12
9 3;11
5 9
3;11 15;17
3;11 13
1 14;16
1 2;4;6;10
0 8
0 18
0 7
0 5
0 1
12 #edges, tree 82
8 12
9 3;11
5 9
3;11 15;17
3;11 14;16
3;11 13
1 2;4;6;10
0 8
0 18
0 7
0 5
0 1
12 #edges, tree 83
8 12
9 3;11
5 9
14;16 15;17
3;11 13
1 14;16
1 2;4;6;10
0 8
0 18
0 7
0 5
0 1
12 #edges, tree 84
8 12
9 3;11
5 9
3;11 13
1 15;17
1 14;16
1 2;4;6;10
0 8
0 18
0 7
0 5
0 1
12 #edges, tree 85
8 12
9 3;11
5 9
3;11 14;16
3;11 13
1 15;17
1 2;4;6;10
0 8
0 18
0 7
0 5
0 1
12 #edges, tree 86
8 12
9 3;11
5 9
14;16 15;17
3;11 14;16
3;11 13
1 2;4;6;10
0 8
0 18
0 7
0 5
0 1
12 #edges, tree 87
9 3;11
5 9
3;11 15;17
3;11 13
2;4;6;10 12
1 14;16
1 2;4;6;10
0 8
0 18
0 7
0 5
0 1
12 #edges, tree 88
9 3;11
5 9
3;11 15;17
3;11 14;16
3;11 13
2;4;6;10 12
1 2;4;6;10
0 8
0 18
0 7
0 5
0 1
12 #edges, tree 89
9 3;11
5 9
3;11 13
2;4;6;10 12
1 15;17
1 14;16
1 2;4;6;10
0 8
0 18
0 7
0 5
0 1
12 #edges, tree 90
9 3;11
5 9
3;11 14;16
3;11 13
2;4;6;10 12
1 15;17
1 2;4;6;10
0 8
0 18
0 7
0 5
0 1
12 #edges, tree 91
9 3;11
5 9
14;16 15;17
3;11 13
2;4;6;10 12
1 14;16
1 2;4;6;10
0 8
0 18
0 7
0 5
0 1
12 #edges, tree 92
9 3;11
5 9
14;16 15;17
3;11 14;16
3;11 13
2;4;6;10 12
1 2;4;6;10
0 8
0 18
0 7
0 5
0 1
12 #edges, tree 93
8 2;4;6;10
9 3;11
5 9
14;16 15;17
3;11 14;16
1 12
1 13
0 8
0 18
0 7
0 5
0 1
12 #edges, tree 94
8 2;4;6;10
9 3;11
5 9
14;16 15;17
3;11 14;16
2;4;6;10 12
1 13
0 8
0 18
0 7
0 5
0 1
12 #edges, tree 95
8 2;4;6;10
9 3;11
5 9
3;11 15;17
3;11 14;16
2;4;6;10 12
1 13
0 8
0 18
0 7
0 5
0 1
12 #edges, tree 96
8 2;4;6;10
9 3;11
5 9
3;11 15;17
3;11 14;16
1 12
1 13
0 8
0 18
0 7
0 5
0 1
12 #edges, tree 97
8 2;4;6;10
9 3;11
5 9
3;11 14;16
2;4;6;10 12
1 15;17
1 13
0 8
0 18
0 7
0 5
0 1
12 #edges, tree 98
8 2;4;6;10
9 3;11
5 9
13 15;17
3;11 14;16
2;4;6;10 12
1 13
0 8
0 18
0 7
0 5
0 1
12 #edges, tree 99
8 2;4;6;10
9 3;11
5 9
13 15;17
3;11 14;16
1 12
1 13
0 8
0 18
0 7
0 5
0 1
12 #edges, tree 100
8 2;4;6;10
9 3;11
5 9
3;11 14;16
1 12
1 15;17
1 13
0 8
0 18
0 7
0 5
0 1
12 #edges, tree 101
8 2;4;6;10
9 3;11
5 9
3;11 15;17
1 12
1 14;16
1 13
0 8
0 18
0 7
0 5
0 1
12 #edges, tree 102
8 2;4;6;10
9 3;11
5 9
3;11 15;17
2;4;6;10 12
1 14;16
1 13
0 8
0 18
0 7
0 5
0 1
12 #edges, tree 103
8 2;4;6;10
9 3;11
5 9
13 14;16
3;11 15;17
2;4;6;10 12
1 13
0 8
0 18
0 7
0 5
0 1
12 #edges, tree 104
8 2;4;6;10
9 3;11
5 9
13 14;16
3;11 15;17
1 12
1 13
0 8
0 18
0 7
0 5
0 1
12 #edges, tree 105
8 2;4;6;10
9 3;11
5 9
13 15;17
2;4;6;10 12
1 14;16
1 13
0 8
0 18
0 7
0 5
0 1
12 #edges, tree 106
8 2;4;6;10
9 3;11
5 9
14;16 15;17
2;4;6;10 12
1 14;16
1 13
0 8
0 18
0 7
0 5
0 1
12 #edges, tree 107
8 2;4;6;10
9 3;11
5 9
2;4;6;10 12
1 15;17
1 14;16
1 13
0 8
0 18
0 7
0 5
0 1
12 #edges, tree 108
8 2;4;6;10
9 3;11
5 9
14;16 15;17
13 14;16
2;4;6;10 12
1 13
0 8
0 18
0 7
0 5
0 1
12 #edges, tree 109
8 2;4;6;10
9 3;11
5 9
13 14;16
2;4;6;10 12
1 15;17
1 13
0 8
0 18
0 7
0 5
0 1
12 #edges, tree 110
8 2;4;6;10
9 3;11
5 9
13 14;16
1 12
1 15;17
1 13
0 8
0 18
0 7
0 5
0 1
12 #edges, tree 111
8 2;4;6;10
9 3;11
5 9
14;16 15;17
13 14;16
1 12
1 13
0 8
0 18
0 7
0 5
0 1
12 #edges, tree 112
8 2;4;6;10
9 3;11
5 9
1 12
1 15;17
1 14;16
1 13
0 8
0 18
0 7
0 5
0 1
12 #edges, tree 113
8 2;4;6;10
9 3;11
5 9
13 15;17
1 12
1 14;16
1 13
0 8
0 18
0 7
0 5
0 1
12 #edges, tree 114
8 2;4;6;10
9 3;11
5 9
14;16 15;17
1 12
1 14;16
1 13
0 8
0 18
0 7
0 5
0 1
12 #edges, tree 115
8 12
9 3;11
5 9
3;11 14;16
1 15;17
1 13
1 2;4;6;10
0 8
0 18
0 7
0 5
0 1
12 #edges, tree 116
9 3;11
5 9
3;11 14;16
2;4;6;10 12
1 15;17
1 13
1 2;4;6;10
0 8
0 18
0 7
0 5
0 1
12 #edges, tree 117
9 3;11
5 9
14;16 15;17
3;11 14;16
2;4;6;10 12
1 13
1 2;4;6;10
0 8
0 18
0 7
0 5
0 1
12 #edges, tree 118
8 12
9 3;11
5 9
14;16 15;17
3;11 14;16
1 13
1 2;4;6;10
0 8
0 18
0 7
0 5
0 1
12 #edges, tree 119
9 3;11
5 9
3;11 15;17
3;11 14;16
2;4;6;10 12
1 13
1 2;4;6;10
0 8
0 18
0 7
0 5
0 1
12 #edges, tree 120
8 12
9 3;11
5 9
3;11 15;17
3;11 14;16
1 13
1 2;4;6;10
0 8
0 18
0 7
0 5
0 1
12 #edges, tree 121
8 12
9 3;11
5 9
13 15;17
3;11 14;16
1 13
1 2;4;6;10
0 8
0 18
0 7
0 5
0 1
12 #edges, tree 122
9 3;11
5 9
13 15;17
3;11 14;16
2;4;6;10 12
1 13
1 2;4;6;10
0 8
0 18
0 7
0 5
0 1
12 #edges, tree 123
8 12
9 3;11
5 9
3;11 15;17
1 14;16
1 13
1 2;4;6;10
0 8
0 18
0 7
0 5
0 1
12 #edges, tree 124
9 3;11
5 9
3;11 15;17
2;4;6;10 12
1 14;16
1 13
1 2;4;6;10
0 8
0 18
0 7
0 5
0 1
12 #edges, tree 125
8 12
9 3;11
5 9
13 14;16
3;11 15;17
1 13
1 2;4;6;10
0 8
0 18
0 7
0 5
0 1
12 #edges, tree 126
9 3;11
5 9
13 14;16
3;11 15;17
2;4;6;10 12
1 13
1 2;4;6;10
0 8
0 18
0 7
0 5
0 1
12 #edges, tree 127
8 12
9 3;11
5 9
1 15;17
1 14;16
1 13
1 2;4;6;10
0 8
0 18
0 7
0 5
0 1
12 #edges, tree 128
8 12
9 3;11
5 9
13 14;16
1 15;17
1 13
1 2;4;6;10
0 8
0 18
0 7
0 5
0 1
12 #edges, tree 129
8 12
9 3;11
5 9
14;16 15;17
13 14;16
1 13
1 2;4;6;10
0 8
0 18
0 7
0 5
0 1
12 #edges, tree 130
8 12
9 3;11
5 9
13 15;17
1 14;16
1 13
1 2;4;6;10
0 8
0 18
0 7
0 5
0 1
12 #edges, tree 131
8 12
9 3;11
5 9
14;16 15;17
1 14;16
1 13
1 2;4;6;10
0 8
0 18
0 7
0 5
0 1
12 #edges, tree 132
9 3;11
5 9
13 15;17
2;4;6;10 12
1 14;16
1 13
1 2;4;6;10
0 8
0 18
0 7
0 5
0 1
12 #edges, tree 133
9 3;11
5 9
13 14;16
2;4;6;10 12
1 15;17
1 13
1 2;4;6;10
0 8
0 18
0 7
0 5
0 1
12 #edges, tree 134
9 3;11
5 9
14;16 15;17
13 14;16
2;4;6;10 12
1 13
1 2;4;6;10
0 8
0 18
0 7
0 5
0 1
12 #edges, tree 135
9 3;11
5 9
2;4;6;10 12
1 15;17
1 14;16
1 13
1 2;4;6;10
0 8
0 18
0 7
0 5
0 1
12 #edges, tree 136
9 3;11
5 9
14;16 15;17
2;4;6;10 12
1 14;16
1 13
1 2;4;6;10
0 8
0 18
0 7
0 5
0 1
12 #edges, tree 137
8 12
9 13
5 9
13 15;17
3;11 14;16
1 3;11
1 2;4;6;10
0 8
0 18
0 7
0 5
0 1
12 #edges, tree 138
8 12
9 13
5 9
14;16 15;17
13 14;16
1 3;11
1 2;4;6;10
0 8
0 18
0 7
0 5
0 1
12 #edges, tree 139
8 12
9 13
5 9
13 14;16
3;11 15;17
1 3;11
1 2;4;6;10
0 8
0 18
0 7
0 5
0 1
12 #edges, tree 140
8 12
9 13
5 9
3;11 15;17
3;11 14;16
1 3;11
1 2;4;6;10
0 8
0 18
0 7
0 5
0 1
12 #edges, tree 141
8 12
9 13
5 9
14;16 15;17
3;11 14;16
1 3;11
1 2;4;6;10
0 8
0 18
0 7
0 5
0 1
12 #edges, tree 142
8 12
5 9
3;11 15;17
3;11 14;16
3;11 13
1 3;11
1 2;4;6;10
0 8
0 18
0 7
0 5
0 1
12 #edges, tree 143
8 12
5 9
13 15;17
3;11 14;16
3;11 13
1 3;11
1 2;4;6;10
0 8
0 18
0 7
0 5
0 1
12 #edges, tree 144
8 12
5 9
14;16 15;17
3;11 14;16
3;11 13
1 3;11
1 2;4;6;10
0 8
0 18
0 7
0 5
0 1
12 #edges, tree 145
8 12
5 9
13 14;16
3;11 15;17
3;11 13
1 3;11
1 2;4;6;10
0 8
0 18
0 7
0 5
0 1
12 #edges, tree 146
8 12
5 9
14;16 15;17
13 14;16
3;11 13
1 3;11
1 2;4;6;10
0 8
0 18
0 7
0 5
0 1
12 #edges, tree 147
8 2;4;6;10
9 13
5 9
13 15;17
3;11 14;16
2;4;6;10 12
1 3;11
0 8
0 18
0 7
0 5
0 1
12 #edges, tree 148
8 2;4;6;10
9 13
5 9
14;16 15;17
13 14;16
2;4;6;10 12
1 3;11
0 8
0 18
0 7
0 5
0 1
12 #edges, tree 149
8 2;4;6;10
9 13
5 9
13 14;16
3;11 15;17
2;4;6;10 12
1 3;11
0 8
0 18
0 7
0 5
0 1
12 #edges, tree 150
8 2;4;6;10
9 13
5 9
3;11 15;17
3;11 14;16
2;4;6;10 12
1 3;11
0 8
0 18
0 7
0 5
0 1
12 #edges, tree 151
8 2;4;6;10
9 13
5 9
14;16 15;17
3;11 14;16
2;4;6;10 12
1 3;11
0 8
0 18
0 7
0 5
0 1
12 #edges, tree 152
8 2;4;6;10
9 13
5 9
13 15;17
3;11 14;16
1 12
1 3;11
0 8
0 18
0 7
0 5
0 1
12 #edges, tree 153
8 2;4;6;10
9 13
5 9
13 14;16
3;11 15;17
1 12
1 3;11
0 8
0 18
0 7
0 5
0 1
12 #edges, tree 154
8 2;4;6;10
9 13
5 9
14;16 15;17
13 14;16
1 12
1 3;11
0 8
0 18
0 7
0 5
0 1
12 #edges, tree 155
8 2;4;6;10
9 13
5 9
3;11 15;17
3;11 14;16
1 12
1 3;11
0 8
0 18
0 7
0 5
0 1
12 #edges, tree 156
8 2;4;6;10
9 13
5 9
14;16 15;17
3;11 14;16
1 12
1 3;11
0 8
0 18
0 7
0 5
0 1
12 #edges, tree 157
8 2;4;6;10
5 9
13 14;16
3;11 15;17
3;11 13
2;4;6;10 12
1 3;11
0 8
0 18
0 7
0 5
0 1
12 #edges, tree 158
8 2;4;6;10
5 9
3;11 15;17
3;11 14;16
3;11 13
2;4;6;10 12
1 3;11
0 8
0 18
0 7
0 5
0 1
12 #edges, tree 159
8 2;4;6;10
5 9
14;16 15;17
3;11 14;16
3;11 13
2;4;6;10 12
1 3;11
0 8
0 18
0 7
0 5
0 1
12 #edges, tree 160
8 2;4;6;10
5 9
13 15;17
3;11 14;16
3;11 13
2;4;6;10 12
1 3;11
0 8
0 18
0 7
0 5
0 1
12 #edges, tree 161
8 2;4;6;10
5 9
14;16 15;17
13 14;16
3;11 13
2;4;6;10 12
1 3;11
0 8
0 18
0 7
0 5
0 1
12 #edges, tree 162
8 2;4;6;10
5 9
3;11 15;17
3;11 14;16
3;11 13
1 12
1 3;11
0 8
0 18
0 7
0 5
0 1
12 #edges, tree 163
8 2;4;6;10
5 9
13 14;16
3;11 15;17
3;11 13
1 12
1 3;11
0 8
0 18
0 7
0 5
0 1
12 #edges, tree 164
8 2;4;6;10
5 9
14;16 15;17
3;11 14;16
3;11 13
1 12
1 3;11
0 8
0 18
0 7
0 5
0 1
12 #edges, tree 165
8 2;4;6;10
5 9
13 15;17
3;11 14;16
3;11 13
1 12
1 3;11
0 8
0 18
0 7
0 5
0 1
12 #edges, tree 166
8 2;4;6;10
5 9
14;16 15;17
13 14;16
3;11 13
1 12
1 3;11
0 8
0 18
0 7
0 5
0 1
12 #edges, tree 167
9 13
5 9
13 15;17
3;11 14;16
2;4;6;10 12
1 3;11
1 2;4;6;10
0 8
0 18
0 7
0 5
0 1
12 #edges, tree 168
9 13
5 9
14;16 15;17
13 14;16
2;4;6;10 12
1 3;11
1 2;4;6;10
0 8
0 18
0 7
0 5
0 1
12 #edges, tree 169
9 13
5 9
13 14;16
3;11 15;17
2;4;6;10 12
1 3;11
1 2;4;6;10
0 8
0 18
0 7
0 5
0 1
12 #edges, tree 170
9 13
5 9
3;11 15;17
3;11 14;16
2;4;6;10 12
1 3;11
1 2;4;6;10
0 8
0 18
0 7
0 5
0 1
12 #edges, tree 171
9 13
5 9
14;16 15;17
3;11 14;16
2;4;6;10 12
1 3;11
1 2;4;6;10
0 8
0 18
0 7
0 5
0 1
12 #edges, tree 172
5 9
13 15;17
3;11 14;16
3;11 13
2;4;6;10 12
1 3;11
1 2;4;6;10
0 8
0 18
0 7
0 5
0 1
12 #edges, tree 173
5 9
13 14;16
3;11 15;17
3;11 13
2;4;6;10 12
1 3;11
1 2;4;6;10
0 8
0 18
0 7
0 5
0 1
12 #edges, tree 174
5 9
3;11 15;17
3;11 14;16
3;11 13
2;4;6;10 12
1 3;11
1 2;4;6;10
0 8
0 18
0 7
0 5
0 1
12 #edges, tree 175
5 9
14;16 15;17
3;11 14;16
3;11 13
2;4;6;10 12
1 3;11
1 2;4;6;10
0 8
0 18
0 7
0 5
0 1
12 #edges, tree 176
5 9
14;16 15;17
13 14;16
3;11 13
2;4;6;10 12
1 3;11
1 2;4;6;10
0 8
0 18
0 7
0 5
0 1
12 #edges, tree 177
8 2;4;6;10
7 18
5 9
3;11 15;17
3;11 14;16
3;11 13
1 12
1 3;11
0 8
0 7
0 5
0 1
12 #edges, tree 178
8 2;4;6;10
7 18
5 9
14;16 15;17
3;11 14;16
3;11 13
1 12
1 3;11
0 8
0 7
0 5
0 1
12 #edges, tree 179
8 2;4;6;10
7 18
9 15;17
5 9
3;11 14;16
3;11 13
1 12
1 3;11
0 8
0 7
0 5
0 1
12 #edges, tree 180
8 2;4;6;10
7 18
5 9
13 15;17
3;11 14;16
3;11 13
1 12
1 3;11
0 8
0 7
0 5
0 1
12 #edges, tree 181
8 2;4;6;10
7 18
5 9
13 14;16
3;11 15;17
3;11 13
1 12
1 3;11
0 8
0 7
0 5
0 1
12 #edges, tree 182
8 2;4;6;10
7 18
9 15;17
5 9
13 14;16
3;11 13
1 12
1 3;11
0 8
0 7
0 5
0 1
12 #edges, tree 183
8 2;4;6;10
7 18
5 9
14;16 15;17
13 14;16
3;11 13
1 12
1 3;11
0 8
0 7
0 5
0 1
12 #edges, tree 184
8 2;4;6;10
7 18
9 14;16
5 9
3;11 15;17
3;11 13
1 12
1 3;11
0 8
0 7
0 5
0 1
12 #edges, tree 185
8 2;4;6;10
7 18
9 15;17
9 14;16
5 9
3;11 13
1 12
1 3;11
0 8
0 7
0 5
0 1
12 #edges, tree 186
8 2;4;6;10
7 18
9 14;16
5 9
14;16 15;17
3;11 13
1 12
1 3;11
0 8
0 7
0 5
0 1
12 #edges, tree 187
8 2;4;6;10
7 18
9 14;16
5 9
13 15;17
3;11 13
1 12
1 3;11
0 8
0 7
0 5
0 1
12 #edges, tree 188
8 2;4;6;10
7 18
9 14;16
9 13
5 9
14;16 15;17
1 12
1 3;11
0 8
0 7
0 5
0 1
12 #edges, tree 189
8 2;4;6;10
7 18
9 15;17
9 14;16
9 13
5 9
1 12
1 3;11
0 8
0 7
0 5
0 1
12 #edges, tree 190
8 2;4;6;10
7 18
9 14;16
9 13
5 9
13 15;17
1 12
1 3;11
0 8
0 7
0 5
0 1
12 #edges, tree 191
8 2;4;6;10
7 18
9 14;16
9 13
5 9
3;11 15;17
1 12
1 3;11
0 8
0 7
0 5
0 1
12 #edges, tree 192
8 2;4;6;10
7 18
9 15;17
9 13
5 9
3;11 14;16
1 12
1 3;11
0 8
0 7
0 5
0 1
12 #edges, tree 193
8 2;4;6;10
7 18
9 15;17
9 13
5 9
13 14;16
1 12
1 3;11
0 8
0 7
0 5
0 1
12 #edges, tree 194
8 2;4;6;10
7 18
9 13
5 9
13 14;16
3;11 15;17
1 12
1 3;11
0 8
0 7
0 5
0 1
12 #edges, tree 195
8 2;4;6;10
7 18
9 13
5 9
14;16 15;17
13 14;16
1 12
1 3;11
0 8
0 7
0 5
0 1
12 #edges, tree 196
8 2;4;6;10
7 18
9 13
5 9
13 15;17
3;11 14;16
1 12
1 3;11
0 8
0 7
0 5
0 1
12 #edges, tree 197
8 2;4;6;10
7 18
9 13
5 9
3;11 15;17
3;11 14;16
1 12
1 3;11
0 8
0 7
0 5
0 1
12 #edges, tree 198
8 2;4;6;10
7 18
9 13
5 9
14;16 15;17
3;11 14;16
1 12
1 3;11
0 8
0 7
0 5
0 1
12 #edges, tree 199
8 2;4;6;10
7 18
9 3;11
5 9
1 12
1 15;17
1 14;16
1 13
0 8
0 7
0 5
0 1
12 #edges, tree 200
8 2;4;6;10
7 18
9 3;11
5 9
3;11 13
1 12
1 15;17
1 14;16
0 8
0 7
0 5
0 1
12 #edges, tree 201
8 2;4;6;10
7 18
9 3;11
5 9
14;16 15;17
3;11 13
1 12
1 14;16
0 8
0 7
0 5
0 1
12 #edges, tree 202
8 2;4;6;10
7 18
9 3;11
5 9
3;11 15;17
3;11 13
1 12
1 14;16
0 8
0 7
0 5
0 1
12 #edges, tree 203
8 2;4;6;10
7 18
9 3;11
5 9
13 15;17
3;11 13
1 12
1 14;16
0 8
0 7
0 5
0 1
12 #edges, tree 204
8 2;4;6;10
7 18
9 3;11
5 9
3;11 15;17
1 12
1 14;16
1 13
0 8
0 7
0 5
0 1
12 #edges, tree 205
8 2;4;6;10
7 18
9 3;11
5 9
13 15;17
1 12
1 14;16
1 13
0 8
0 7
0 5
0 1
12 #edges, tree 206
8 2;4;6;10
7 18
9 3;11
5 9
14;16 15;17
1 12
1 14;16
1 13
0 8
0 7
0 5
0 1
12 #edges, tree 207
8 2;4;6;10
7 18
9 3;11
5 9
3;11 14;16
3;11 13
1 12
1 15;17
0 8
0 7
0 5
0 1
12 #edges, tree 208
8 2;4;6;10
7 18
9 3;11
5 9
13 14;16
3;11 13
1 12
1 15;17
0 8
0 7
0 5
0 1
12 #edges, tree 209
8 2;4;6;10
7 18
9 3;11
5 9
13 15;17
3;11 14;16
3;11 13
1 12
0 8
0 7
0 5
0 1
12 #edges, tree 210
8 2;4;6;10
7 18
9 3;11
5 9
13 14;16
3;11 15;17
3;11 13
1 12
0 8
0 7
0 5
0 1
12 #edges, tree 211
8 2;4;6;10
7 18
9 3;11
5 9
14;16 15;17
13 14;16
3;11 13
1 12
0 8
0 7
0 5
0 1
12 #edges, tree 212
8 2;4;6;10
7 18
9 3;11
5 9
3;11 15;17
3;11 14;16
3;11 13
1 12
0 8
0 7
0 5
0 1
12 #edges, tree 213
8 2;4;6;10
7 18
9 3;11
5 9
14;16 15;17
3;11 14;16
3;11 13
1 12
0 8
0 7
0 5
0 1
12 #edges, tree 214
8 2;4;6;10
7 18
9 3;11
5 9
3;11 15;17
3;11 14;16
1 12
1 13
0 8
0 7
0 5
0 1
12 #edges, tree 215
8 2;4;6;10
7 18
9 3;11
5 9
13 14;16
3;11 15;17
1 12
1 13
0 8
0 7
0 5
0 1
12 #edges, tree 216
8 2;4;6;10
7 18
9 3;11
5 9
14;16 15;17
3;11 14;16
1 12
1 13
0 8
0 7
0 5
0 1
12 #edges, tree 217
8 2;4;6;10
7 18
9 3;11
5 9
3;11 14;16
1 12
1 15;17
1 13
0 8
0 7
0 5
0 1
12 #edges, tree 218
8 2;4;6;10
7 18
9 3;11
5 9
13 15;17
3;11 14;16
1 12
1 13
0 8
0 7
0 5
0 1
12 #edges, tree 219
8 2;4;6;10
7 18
9 3;11
5 9
13 14;16
1 12
1 15;17
1 13
0 8
0 7
0 5
0 1
12 #edges, tree 220
8 2;4;6;10
7 18
9 3;11
5 9
14;16 15;17
13 14;16
1 12
1 13
0 8
0 7
0 5
0 1
12 #edges, tree 221
7 18
9 3;11
5 9
2;4;6;10 12
1 15;17
1 14;16
1 13
1 2;4;6;10
0 8
0 7
0 5
0 1
12 #edges, tree 222
8 12
7 18
9 3;11
5 9
1 15;17
1 14;16
1 13
1 2;4;6;10
0 8
0 7
0 5
0 1
12 #edges, tree 223
7 18
9 3;11
5 9
13 15;17
2;4;6;10 12
1 14;16
1 13
1 2;4;6;10
0 8
0 7
0 5
0 1
12 #edges, tree 224
8 12
7 18
9 3;11
5 9
13 15;17
1 14;16
1 13
1 2;4;6;10
0 8
0 7
0 5
0 1
12 #edges, tree 225
7 18
9 3;11
5 9
3;11 15;17
2;4;6;10 12
1 14;16
1 13
1 2;4;6;10
0 8
0 7
0 5
0 1
12 #edges, tree 226
7 18
9 3;11
5 9
14;16 15;17
2;4;6;10 12
1 14;16
1 13
1 2;4;6;10
0 8
0 7
0 5
0 1
12 #edges, tree 227
8 12
7 18
9 3;11
5 9
14;16 15;17
1 14;16
1 13
1 2;4;6;10
0 8
0 7
0 5
0 1
12 #edges, tree 228
8 12
7 18
9 3;11
5 9
3;11 15;17
1 14;16
1 13
1 2;4;6;10
0 8
0 7
0 5
0 1
12 #edges, tree 229
8 2;4;6;10
7 18
9 3;11
5 9
14;16 15;17
2;4;6;10 12
1 14;16
1 13
0 8
0 7
0 5
0 1
12 #edges, tree 230
8 2;4;6;10
7 18
9 3;11
5 9
2;4;6;10 12
1 15;17
1 14;16
1 13
0 8
0 7
0 5
0 1
12 #edges, tree 231
8 2;4;6;10
7 18
9 3;11
5 9
13 15;17
2;4;6;10 12
1 14;16
1 13
0 8
0 7
0 5
0 1
12 #edges, tree 232
8 2;4;6;10
7 18
9 3;11
5 9
3;11 15;17
2;4;6;10 12
1 14;16
1 13
0 8
0 7
0 5
0 1
12 #edges, tree 233
7 18
9 3;11
5 9
13 14;16
2;4;6;10 12
1 15;17
1 13
1 2;4;6;10
0 8
0 7
0 5
0 1
12 #edges, tree 234
8 12
7 18
9 3;11
5 9
13 14;16
1 15;17
1 13
1 2;4;6;10
0 8
0 7
0 5
0 1
12 #edges, tree 235
8 2;4;6;10
7 18
9 3;11
5 9
13 14;16
2;4;6;10 12
1 15;17
1 13
0 8
0 7
0 5
0 1
12 #edges, tree 236
7 18
9 3;11
5 9
3;11 14;16
2;4;6;10 12
1 15;17
1 13
1 2;4;6;10
0 8
0 7
0 5
0 1
12 #edges, tree 237
8 12
7 18
9 3;11
5 9
3;11 14;16
1 15;17
1 13
1 2;4;6;10
0 8
0 7
0 5
0 1
12 #edges, tree 238
8 2;4;6;10
7 18
9 3;11
5 9
3;11 14;16
2;4;6;10 12
1 15;17
1 13
0 8
0 7
0 5
0 1
12 #edges, tree 239
7 18
9 3;11
5 9
13 15;17
3;11 14;16
2;4;6;10 12
1 13
1 2;4;6;10
0 8
0 7
0 5
0 1
12 #edges, tree 240
8 12
7 18
9 3;11
5 9
13 15;17
3;11 14;16
1 13
1 2;4;6;10
0 8
0 7
0 5
0 1
12 #edges, tree 241
8 2;4;6;10
7 18
9 3;11
5 9
13 15;17
3;11 14;16
2;4;6;10 12
1 13
0 8
0 7
0 5
0 1
12 #edges, tree 242
7 18
9 3;11
5 9
14;16 15;17
13 14;16
2;4;6;10 12
1 13
1 2;4;6;10
0 8
0 7
0 5
0 1
12 #edges, tree 243
8 12
7 18
9 3;11
5 9
14;16 15;17
13 14;16
1 13
1 2;4;6;10
0 8
0 7
0 5
0 1
12 #edges, tree 244
7 18
9 3;11
5 9
13 14;16
3;11 15;17
2;4;6;10 12
1 13
1 2;4;6;10
0 8
0 7
0 5
0 1
12 #edges, tree 245
8 12
7 18
9 3;11
5 9
13 14;16
3;11 15;17
1 13
1 2;4;6;10
0 8
0 7
0 5
0 1
12 #edges, tree 246
7 18
9 3;11
5 9
3;11 15;17
3;11 14;16
2;4;6;10 12
1 13
1 2;4;6;10
0 8
0 7
0 5
0 1
12 #edges, tree 247
7 18
9 3;11
5 9
14;16 15;17
3;11 14;16
2;4;6;10 12
1 13
1 2;4;6;10
0 8
0 7
0 5
0 1
12 #edges, tree 248
8 12
7 18
9 3;11
5 9
3;11 15;17
3;11 14;16
1 13
1 2;4;6;10
0 8
0 7
0 5
0 1
12 #edges, tree 249
8 12
7 18
9 3;11
5 9
14;16 15;17
3;11 14;16
1 13
1 2;4;6;10
0 8
0 7
0 5
0 1
12 #edges, tree 250
8 2;4;6;10
7 18
9 3;11
5 9
13 14;16
3;11 15;17
2;4;6;10 12
1 13
0 8
0 7
0 5
0 1
12 #edges, tree 251
8 2;4;6;10
7 18
9 3;11
5 9
14;16 15;17
13 14;16
2;4;6;10 12
1 13
0 8
0 7
0 5
0 1
12 #edges, tree 252
8 2;4;6;10
7 18
9 3;11
5 9
3;11 15;17
3;11 14;16
2;4;6;10 12
1 13
0 8
0 7
0 5
0 1
12 #edges, tree 253
8 2;4;6;10
7 18
9 3;11
5 9
14;16 15;17
3;11 14;16
2;4;6;10 12
1 13
0 8
0 7
0 5
0 1
12 #edges, tree 254
8 12
7 18
9 13
5 9
14;16 15;17
3;11 14;16
1 3;11
1 2;4;6;10
0 8
0 7
0 5
0 1
12 #edges, tree 255
8 2;4;6;10
7 18
9 13
5 9
14;16 15;17
3;11 14;16
2;4;6;10 12
1 3;11
0 8
0 7
0 5
0 1
12 #edges, tree 256
7 18
9 13
5 9
14;16 15;17
3;11 14;16
2;4;6;10 12
1 3;11
1 2;4;6;10
0 8
0 7
0 5
0 1
12 #edges, tree 257
7 18
5 9
14;16 15;17
3;11 14;16
3;11 13
2;4;6;10 12
1 3;11
1 2;4;6;10
0 8
0 7
0 5
0 1
12 #edges, tree 258
8 12
7 18
5 9
14;16 15;17
3;11 14;16
3;11 13
1 3;11
1 2;4;6;10
0 8
0 7
0 5
0 1
12 #edges, tree 259
8 2;4;6;10
7 18
5 9
14;16 15;17
3;11 14;16
3;11 13
2;4;6;10 12
1 3;11
0 8
0 7
0 5
0 1
12 #edges, tree 260
7 18
9 15;17
5 9
3;11 14;16
3;11 13
2;4;6;10 12
1 3;11
1 2;4;6;10
0 8
0 7
0 5
0 1
12 #edges, tree 261
8 12
7 18
9 15;17
5 9
3;11 14;16
3;11 13
1 3;11
1 2;4;6;10
0 8
0 7
0 5
0 1
12 #edges, tree 262
7 18
5 9
3;11 15;17
3;11 14;16
3;11 13
2;4;6;10 12
1 3;11
1 2;4;6;10
0 8
0 7
0 5
0 1
12 #edges, tree 263
7 18
5 9
13 15;17
3;11 14;16
3;11 13
2;4;6;10 12
1 3;11
1 2;4;6;10
0 8
0 7
0 5
0 1
12 #edges, tree 264
8 12
7 18
5 9
3;11 15;17
3;11 14;16
3;11 13
1 3;11
1 2;4;6;10
0 8
0 7
0 5
0 1
12 #edges, tree 265
8 12
7 18
5 9
13 15;17
3;11 14;16
3;11 13
1 3;11
1 2;4;6;10
0 8
0 7
0 5
0 1
12 #edges, tree 266
8 12
7 18
9 15;17
9 13
5 9
3;11 14;16
1 3;11
1 2;4;6;10
0 8
0 7
0 5
0 1
12 #edges, tree 267
8 12
7 18
9 13
5 9
13 15;17
3;11 14;16
1 3;11
1 2;4;6;10
0 8
0 7
0 5
0 1
12 #edges, tree 268
8 12
7 18
9 13
5 9
3;11 15;17
3;11 14;16
1 3;11
1 2;4;6;10
0 8
0 7
0 5
0 1
12 #edges, tree 269
7 18
9 13
5 9
3;11 15;17
3;11 14;16
2;4;6;10 12
1 3;11
1 2;4;6;10
0 8
0 7
0 5
0 1
12 #edges, tree 270
7 18
9 15;17
9 13
5 9
3;11 14;16
2;4;6;10 12
1 3;11
1 2;4;6;10
0 8
0 7
0 5
0 1
12 #edges, tree 271
7 18
9 13
5 9
13 15;17
3;11 14;16
2;4;6;10 12
1 3;11
1 2;4;6;10
0 8
0 7
0 5
0 1
12 #edges, tree 272
8 2;4;6;10
7 18
5 9
3;11 15;17
3;11 14;16
3;11 13
2;4;6;10 12
1 3;11
0 8
0 7
0 5
0 1
12 #edges, tree 273
8 2;4;6;10
7 18
9 13
5 9
3;11 15;17
3;11 14;16
2;4;6;10 12
1 3;11
0 8
0 7
0 5
0 1
12 #edges, tree 274
8 2;4;6;10
7 18
5 9
13 15;17
3;11 14;16
3;11 13
2;4;6;10 12
1 3;11
0 8
0 7
0 5
0 1
12 #edges, tree 275
8 2;4;6;10
7 18
9 15;17
5 9
3;11 14;16
3;11 13
2;4;6;10 12
1 3;11
0 8
0 7
0 5
0 1
12 #edges, tree 276
8 2;4;6;10
7 18
9 13
5 9
13 15;17
3;11 14;16
2;4;6;10 12
1 3;11
0 8
0 7
0 5
0 1
12 #edges, tree 277
8 2;4;6;10
7 18
9 15;17
9 13
5 9
3;11 14;16
2;4;6;10 12
1 3;11
0 8
0 7
0 5
0 1
12 #edges, tree 278
7 18
5 9
13 14;16
3;11 15;17
3;11 13
2;4;6;10 12
1 3;11
1 2;4;6;10
0 8
0 7
0 5
0 1
12 #edges, tree 279
7 18
9 14;16
5 9
3;11 15;17
3;11 13
2;4;6;10 12
1 3;11
1 2;4;6;10
0 8
0 7
0 5
0 1
12 #edges, tree 280
8 12
7 18
9 14;16
5 9
3;11 15;17
3;11 13
1 3;11
1 2;4;6;10
0 8
0 7
0 5
0 1
12 #edges, tree 281
8 12
7 18
5 9
13 14;16
3;11 15;17
3;11 13
1 3;11
1 2;4;6;10
0 8
0 7
0 5
0 1
12 #edges, tree 282
8 12
7 18
9 14;16
5 9
14;16 15;17
3;11 13
1 3;11
1 2;4;6;10
0 8
0 7
0 5
0 1
12 #edges, tree 283
7 18
9 14;16
5 9
14;16 15;17
3;11 13
2;4;6;10 12
1 3;11
1 2;4;6;10
0 8
0 7
0 5
0 1
12 #edges, tree 284
8 12
7 18
9 15;17
9 14;16
5 9
3;11 13
1 3;11
1 2;4;6;10
0 8
0 7
0 5
0 1
12 #edges, tree 285
8 12
7 18
9 14;16
5 9
13 15;17
3;11 13
1 3;11
1 2;4;6;10
0 8
0 7
0 5
0 1
12 #edges, tree 286
7 18
9 15;17
9 14;16
5 9
3;11 13
2;4;6;10 12
1 3;11
1 2;4;6;10
0 8
0 7
0 5
0 1
12 #edges, tree 287
7 18
9 14;16
5 9
13 15;17
3;11 13
2;4;6;10 12
1 3;11
1 2;4;6;10
0 8
0 7
0 5
0 1
12 #edges, tree 288
8 12
7 18
9 15;17
5 9
13 14;16
3;11 13
1 3;11
1 2;4;6;10
0 8
0 7
0 5
0 1
12 #edges, tree 289
8 12
7 18
5 9
14;16 15;17
13 14;16
3;11 13
1 3;11
1 2;4;6;10
0 8
0 7
0 5
0 1
12 #edges, tree 290
7 18
9 15;17
5 9
13 14;16
3;11 13
2;4;6;10 12
1 3;11
1 2;4;6;10
0 8
0 7
0 5
0 1
12 #edges, tree 291
7 18
5 9
14;16 15;17
13 14;16
3;11 13
2;4;6;10 12
1 3;11
1 2;4;6;10
0 8
0 7
0 5
0 1
12 #edges, tree 292
8 2;4;6;10
7 18
9 14;16
5 9
13 15;17
3;11 13
2;4;6;10 12
1 3;11
0 8
0 7
0 5
0 1
12 #edges, tree 293
8 2;4;6;10
7 18
5 9
13 14;16
3;11 15;17
3;11 13
2;4;6;10 12
1 3;11
0 8
0 7
0 5
0 1
12 #edges, tree 294
8 2;4;6;10
7 18
9 14;16
5 9
3;11 15;17
3;11 13
2;4;6;10 12
1 3;11
0 8
0 7
0 5
0 1
12 #edges, tree 295
8 2;4;6;10
7 18
9 15;17
5 9
13 14;16
3;11 13
2;4;6;10 12
1 3;11
0 8
0 7
0 5
0 1
12 #edges, tree 296
8 2;4;6;10
7 18
9 15;17
9 14;16
5 9
3;11 13
2;4;6;10 12
1 3;11
0 8
0 7
0 5
0 1
12 #edges, tree 297
8 2;4;6;10
7 18
5 9
14;16 15;17
13 14;16
3;11 13
2;4;6;10 12
1 3;11
0 8
0 7
0 5
0 1
12 #edges, tree 298
8 2;4;6;10
7 18
9 14;16
5 9
14;16 15;17
3;11 13
2;4;6;10 12
1 3;11
0 8
0 7
0 5
0 1
12 #edges, tree 299
7 18
9 15;17
9 13
5 9
13 14;16
2;4;6;10 12
1 3;11
1 2;4;6;10
0 8
0 7
0 5
0 1
12 #edges, tree 300
7 18
9 13
5 9
13 14;16
3;11 15;17
2;4;6;10 12
1 3;11
1 2;4;6;10
0 8
0 7
0 5
0 1
12 #edges, tree 301
7 18
9 13
5 9
14;16 15;17
13 14;16
2;4;6;10 12
1 3;11
1 2;4;6;10
0 8
0 7
0 5
0 1
12 #edges, tree 302
7 18
9 14;16
9 13
5 9
3;11 15;17
2;4;6;10 12
1 3;11
1 2;4;6;10
0 8
0 7
0 5
0 1
12 #edges, tree 303
7 18
9 14;16
9 13
5 9
14;16 15;17
2;4;6;10 12
1 3;11
1 2;4;6;10
0 8
0 7
0 5
0 1
12 #edges, tree 304
7 18
9 15;17
9 14;16
9 13
5 9
2;4;6;10 12
1 3;11
1 2;4;6;10
0 8
0 7
0 5
0 1
12 #edges, tree 305
7 18
9 14;16
9 13
5 9
13 15;17
2;4;6;10 12
1 3;11
1 2;4;6;10
0 8
0 7
0 5
0 1
12 #edges, tree 306
8 12
7 18
9 14;16
9 13
5 9
3;11 15;17
1 3;11
1 2;4;6;10
0 8
0 7
0 5
0 1
12 #edges, tree 307
8 12
7 18
9 13
5 9
13 14;16
3;11 15;17
1 3;11
1 2;4;6;10
0 8
0 7
0 5
0 1
12 #edges, tree 308
8 12
7 18
9 15;17
9 14;16
9 13
5 9
1 3;11
1 2;4;6;10
0 8
0 7
0 5
0 1
12 #edges, tree 309
8 12
7 18
9 14;16
9 13
5 9
13 15;17
1 3;11
1 2;4;6;10
0 8
0 7
0 5
0 1
12 #edges, tree 310
8 12
7 18
9 14;16
9 13
5 9
14;16 15;17
1 3;11
1 2;4;6;10
0 8
0 7
0 5
0 1
12 #edges, tree 311
8 12
7 18
9 15;17
9 13
5 9
13 14;16
1 3;11
1 2;4;6;10
0 8
0 7
0 5
0 1
12 #edges, tree 312
8 12
7 18
9 13
5 9
14;16 15;17
13 14;16
1 3;11
1 2;4;6;10
0 8
0 7
0 5
0 1
12 #edges, tree 313
8 2;4;6;10
7 18
9 15;17
9 14;16
9 13
5 9
2;4;6;10 12
1 3;11
0 8
0 7
0 5
0 1
12 #edges, tree 314
8 2;4;6;10
7 18
9 15;17
9 13
5 9
13 14;16
2;4;6;10 12
1 3;11
0 8
0 7
0 5
0 1
12 #edges, tree 315
8 2;4;6;10
7 18
9 14;16
9 13
5 9
14;16 15;17
2;4;6;10 12
1 3;11
0 8
0 7
0 5
0 1
12 #edges, tree 316
8 2;4;6;10
7 18
9 14;16
9 13
5 9
13 15;17
2;4;6;10 12
1 3;11
0 8
0 7
0 5
0 1
12 #edges, tree 317
8 2;4;6;10
7 18
9 14;16
9 13
5 9
3;11 15;17
2;4;6;10 12
1 3;11
0 8
0 7
0 5
0 1
12 #edges, tree 318
8 2;4;6;10
7 18
9 13
5 9
13 14;16
3;11 15;17
2;4;6;10 12
1 3;11
0 8
0 7
0 5
0 1
12 #edges, tree 319
8 2;4;6;10
7 18
9 13
5 9
14;16 15;17
13 14;16
2;4;6;10 12
1 3;11
0 8
0 7
0 5
0 1
12 #edges, tree 320
8 2;4;6;10
7 18
9 3;11
5 9
14;16 15;17
3;11 13
2;4;6;10 12
1 14;16
0 8
0 7
0 5
0 1
12 #edges, tree 321
8 2;4;6;10
7 18
9 3;11
5 9
3;11 13
2;4;6;10 12
1 15;17
1 14;16
0 8
0 7
0 5
0 1
12 #edges, tree 322
8 2;4;6;10
7 18
9 3;11
5 9
3;11 15;17
3;11 13
2;4;6;10 12
1 14;16
0 8
0 7
0 5
0 1
12 #edges, tree 323
8 2;4;6;10
7 18
9 3;11
5 9
13 15;17
3;11 13
2;4;6;10 12
1 14;16
0 8
0 7
0 5
0 1
12 #edges, tree 324
8 2;4;6;10
7 18
9 3;11
5 9
3;11 14;16
3;11 13
2;4;6;10 12
1 15;17
0 8
0 7
0 5
0 1
12 #edges, tree 325
8 2;4;6;10
7 18
9 3;11
5 9
3;11 15;17
3;11 14;16
3;11 13
2;4;6;10 12
0 8
0 7
0 5
0 1
12 #edges, tree 326
8 2;4;6;10
7 18
9 3;11
5 9
14;16 15;17
3;11 14;16
3;11 13
2;4;6;10 12
0 8
0 7
0 5
0 1
12 #edges, tree 327
8 2;4;6;10
7 18
9 3;11
5 9
13 15;17
3;11 14;16
3;11 13
2;4;6;10 12
0 8
0 7
0 5
0 1
12 #edges, tree 328
8 2;4;6;10
7 18
9 3;11
5 9
13 14;16
3;11 15;17
3;11 13
2;4;6;10 12
0 8
0 7
0 5
0 1
12 #edges, tree 329
8 2;4;6;10
7 18
9 3;11
5 9
13 14;16
3;11 13
2;4;6;10 12
1 15;17
0 8
0 7
0 5
0 1
12 #edges, tree 330
8 2;4;6;10
7 18
9 3;11
5 9
14;16 15;17
13 14;16
3;11 13
2;4;6;10 12
0 8
0 7
0 5
0 1
12 #edges, tree 331
8 12
7 18
9 3;11
5 9
13 14;16
3;11 13
1 15;17
1 2;4;6;10
0 8
0 7
0 5
0 1
12 #edges, tree 332
8 12
7 18
9 3;11
5 9
3;11 13
1 15;17
1 14;16
1 2;4;6;10
0 8
0 7
0 5
0 1
12 #edges, tree 333
8 12
7 18
9 3;11
5 9
3;11 14;16
3;11 13
1 15;17
1 2;4;6;10
0 8
0 7
0 5
0 1
12 #edges, tree 334
7 18
9 3;11
5 9
13 14;16
3;11 13
2;4;6;10 12
1 15;17
1 2;4;6;10
0 8
0 7
0 5
0 1
12 #edges, tree 335
7 18
9 3;11
5 9
3;11 14;16
3;11 13
2;4;6;10 12
1 15;17
1 2;4;6;10
0 8
0 7
0 5
0 1
12 #edges, tree 336
7 18
9 3;11
5 9
3;11 13
2;4;6;10 12
1 15;17
1 14;16
1 2;4;6;10
0 8
0 7
0 5
0 1
12 #edges, tree 337
8 12
7 18
9 3;11
5 9
3;11 15;17
3;11 14;16
3;11 13
1 2;4;6;10
0 8
0 7
0 5
0 1
12 #edges, tree 338
8 12
7 18
9 3;11
5 9
13 14;16
3;11 15;17
3;11 13
1 2;4;6;10
0 8
0 7
0 5
0 1
12 #edges, tree 339
8 12
7 18
9 3;11
5 9
3;11 15;17
3;11 13
1 14;16
1 2;4;6;10
0 8
0 7
0 5
0 1
12 #edges, tree 340
8 12
7 18
9 3;11
5 9
13 15;17
3;11 13
1 14;16
1 2;4;6;10
0 8
0 7
0 5
0 1
12 #edges, tree 341
8 12
7 18
9 3;11
5 9
13 15;17
3;11 14;16
3;11 13
1 2;4;6;10
0 8
0 7
0 5
0 1
12 #edges, tree 342
8 12
7 18
9 3;11
5 9
14;16 15;17
13 14;16
3;11 13
1 2;4;6;10
0 8
0 7
0 5
0 1
12 #edges, tree 343
8 12
7 18
9 3;11
5 9
14;16 15;17
3;11 14;16
3;11 13
1 2;4;6;10
0 8
0 7
0 5
0 1
12 #edges, tree 344
8 12
7 18
9 3;11
5 9
14;16 15;17
3;11 13
1 14;16
1 2;4;6;10
0 8
0 7
0 5
0 1
12 #edges, tree 345
7 18
9 3;11
5 9
13 15;17
3;11 14;16
3;11 13
2;4;6;10 12
1 2;4;6;10
0 8
0 7
0 5
0 1
12 #edges, tree 346
7 18
9 3;11
5 9
3;11 15;17
3;11 14;16
3;11 13
2;4;6;10 12
1 2;4;6;10
0 8
0 7
0 5
0 1
12 #edges, tree 347
7 18
9 3;11
5 9
14;16 15;17
3;11 14;16
3;11 13
2;4;6;10 12
1 2;4;6;10
0 8
0 7
0 5
0 1
12 #edges, tree 348
7 18
9 3;11
5 9
14;16 15;17
3;11 13
2;4;6;10 12
1 14;16
1 2;4;6;10
0 8
0 7
0 5
0 1
12 #edges, tree 349
7 18
9 3;11
5 9
3;11 15;17
3;11 13
2;4;6;10 12
1 14;16
1 2;4;6;10
0 8
0 7
0 5
0 1
12 #edges, tree 350
7 18
9 3;11
5 9
13 15;17
3;11 13
2;4;6;10 12
1 14;16
1 2;4;6;10
0 8
0 7
0 5
0 1
12 #edges, tree 351
7 18
9 3;11
5 9
14;16 15;17
13 14;16
3;11 13
2;4;6;10 12
1 2;4;6;10
0 8
0 7
0 5
0 1
12 #edges, tree 352
7 18
9 3;11
5 9
13 14;16
3;11 15;17
3;11 13
2;4;6;10 12
1 2;4;6;10
0 8
0 7
0 5
0 1
