# 19 out of 19 mutations
12 #trees
12 #edges, tree 1
8 12
7 18
9 14;16
5 9
3;11 15;17
3;11 13
1 3;11
1 2;4;6;10
0 8
0 7
0 5
0 1
12 #edges, tree 2
8 12
7 18
9 14;16
9 13
5 9
3;11 15;17
1 3;11
1 2;4;6;10
0 8
0 7
0 5
0 1
12 #edges, tree 3
12 15;17
8 12
7 18
9 14;16
9 13
5 9
1 3;11
1 2;4;6;10
0 8
0 7
0 5
0 1
12 #edges, tree 4
12 15;17
8 12
7 18
9 14;16
5 9
3;11 13
1 3;11
1 2;4;6;10
0 8
0 7
0 5
0 1
12 #edges, tree 5
8 12
7 18
5 9
3;11 15;17
3;11 14;16
3;11 13
1 3;11
1 2;4;6;10
0 8
0 7
0 5
0 1
12 #edges, tree 6
12 15;17
8 12
7 18
5 9
3;11 14;16
3;11 13
1 3;11
1 2;4;6;10
0 8
0 7
0 5
0 1
12 #edges, tree 7
8 12
7 18
5 9
13 14;16
3;11 15;17
3;11 13
1 3;11
1 2;4;6;10
0 8
0 7
0 5
0 1
12 #edges, tree 8
12 15;17
8 12
7 18
5 9
13 14;16
3;11 13
1 3;11
1 2;4;6;10
0 8
0 7
0 5
0 1
12 #edges, tree 9
8 12
7 18
9 13
5 9
3;11 15;17
3;11 14;16
1 3;11
1 2;4;6;10
0 8
0 7
0 5
0 1
12 #edges, tree 10
8 12
7 18
9 13
5 9
13 14;16
3;11 15;17
1 3;11
1 2;4;6;10
0 8
0 7
0 5
0 1
12 #edges, tree 11
12 15;17
8 12
7 18
9 13
5 9
3;11 14;16
1 3;11
1 2;4;6;10
0 8
0 7
0 5
0 1
12 #edges, tree 12
12 15;17
8 12
7 18
9 13
5 9
13 14;16
1 3;11
1 2;4;6;10
0 8
0 7
0 5
0 1
