# 20 out of 20 mutations
7 #trees
12 #edges, tree 1
2;4 10
2;4 5
8 9
6 7
1 15;16
1 11;14;17;19;20
1 12
1 8
1 6
1 3;18
0 2;4
0 1
12 #edges, tree 2
2;4 10
2;4 5
8 9
7 12
1 15;16
1 11;14;17;19;20
1 8
1 7
1 6
1 3;18
0 2;4
0 1
12 #edges, tree 3
2;4 10
2;4 5
8 12
8 9
1 15;16
1 11;14;17;19;20
1 8
1 7
1 6
1 3;18
0 2;4
0 1
12 #edges, tree 4
2;4 10
2;4 5
8 9
6 12
1 15;16
1 11;14;17;19;20
1 8
1 7
1 6
1 3;18
0 2;4
0 1
12 #edges, tree 5
2;4 10
2;4 5
8 12
8 9
6 7
1 15;16
1 11;14;17;19;20
1 8
1 6
1 3;18
0 2;4
0 1
12 #edges, tree 6
2;4 10
2;4 5
8 9
6 12
6 7
1 15;16
1 11;14;17;19;20
1 8
1 6
1 3;18
0 2;4
0 1
12 #edges, tree 7
2;4 10
2;4 5
8 9
7 12
6 7
1 15;16
1 11;14;17;19;20
1 8
1 6
1 3;18
0 2;4
0 1
