# 19 out of 19 mutations
280 #trees
12 #edges, tree 1
7 13;15;17
7 9
11;12;16 5
18 8
2;3 14
2;3 11;12;16
2;3 10
2;3 18
2;3 4
0;1 7
0;1 6
0;1 2;3
12 #edges, tree 2
7 13;15;17
11;12;16 5
18 8
4 9
2;3 14
2;3 11;12;16
2;3 10
2;3 18
2;3 4
0;1 7
0;1 6
0;1 2;3
12 #edges, tree 3
7 13;15;17
11;12;16 5
5 8
4 9
2;3 14
2;3 11;12;16
2;3 10
2;3 18
2;3 4
0;1 7
0;1 6
0;1 2;3
12 #edges, tree 4
7 13;15;17
7 9
11;12;16 5
5 8
2;3 14
2;3 11;12;16
2;3 10
2;3 18
2;3 4
0;1 7
0;1 6
0;1 2;3
12 #edges, tree 5
7 13;15;17
11;12;16 5
4 9
2;3 14
2;3 11;12;16
2;3 10
2;3 8
2;3 18
2;3 4
0;1 7
0;1 6
0;1 2;3
12 #edges, tree 6
7 13;15;17
7 9
11;12;16 5
2;3 14
2;3 11;12;16
2;3 10
2;3 8
2;3 18
2;3 4
0;1 7
0;1 6
0;1 2;3
12 #edges, tree 7
7 13;15;17
7 9
11;12;16 8
11;12;16 5
2;3 14
2;3 11;12;16
2;3 10
2;3 18
2;3 4
0;1 7
0;1 6
0;1 2;3
12 #edges, tree 8
7 13;15;17
7 9
11;12;16 5
4 8
2;3 14
2;3 11;12;16
2;3 10
2;3 18
2;3 4
0;1 7
0;1 6
0;1 2;3
12 #edges, tree 9
7 13;15;17
11;12;16 5
4 9
4 8
2;3 14
2;3 11;12;16
2;3 10
2;3 18
2;3 4
0;1 7
0;1 6
0;1 2;3
12 #edges, tree 10
7 13;15;17
11;12;16 8
11;12;16 5
4 9
2;3 14
2;3 11;12;16
2;3 10
2;3 18
2;3 4
0;1 7
0;1 6
0;1 2;3
12 #edges, tree 11
7 9
11;12;16 5
18 8
4 13;15;17
2;3 14
2;3 11;12;16
2;3 10
2;3 18
2;3 4
0;1 7
0;1 6
0;1 2;3
12 #edges, tree 12
7 9
11;12;16 5
4 13;15;17
2;3 14
2;3 11;12;16
2;3 10
2;3 8
2;3 18
2;3 4
0;1 7
0;1 6
0;1 2;3
12 #edges, tree 13
7 9
11;12;16 8
11;12;16 5
4 13;15;17
2;3 14
2;3 11;12;16
2;3 10
2;3 18
2;3 4
0;1 7
0;1 6
0;1 2;3
12 #edges, tree 14
7 9
11;12;16 5
4 13;15;17
4 8
2;3 14
2;3 11;12;16
2;3 10
2;3 18
2;3 4
0;1 7
0;1 6
0;1 2;3
12 #edges, tree 15
7 9
11;12;16 5
5 8
4 13;15;17
2;3 14
2;3 11;12;16
2;3 10
2;3 18
2;3 4
0;1 7
0;1 6
0;1 2;3
12 #edges, tree 16
9 13;15;17
11;12;16 8
11;12;16 5
4 9
2;3 14
2;3 11;12;16
2;3 10
2;3 18
2;3 4
0;1 7
0;1 6
0;1 2;3
12 #edges, tree 17
9 13;15;17
7 9
11;12;16 8
11;12;16 5
2;3 14
2;3 11;12;16
2;3 10
2;3 18
2;3 4
0;1 7
0;1 6
0;1 2;3
12 #edges, tree 18
9 13;15;17
7 9
11;12;16 5
2;3 14
2;3 11;12;16
2;3 10
2;3 8
2;3 18
2;3 4
0;1 7
0;1 6
0;1 2;3
12 #edges, tree 19
9 13;15;17
11;12;16 5
4 9
2;3 14
2;3 11;12;16
2;3 10
2;3 8
2;3 18
2;3 4
0;1 7
0;1 6
0;1 2;3
12 #edges, tree 20
9 13;15;17
7 9
11;12;16 5
18 8
2;3 14
2;3 11;12;16
2;3 10
2;3 18
2;3 4
0;1 7
0;1 6
0;1 2;3
12 #edges, tree 21
9 13;15;17
7 9
11;12;16 5
4 8
2;3 14
2;3 11;12;16
2;3 10
2;3 18
2;3 4
0;1 7
0;1 6
0;1 2;3
12 #edges, tree 22
9 13;15;17
7 9
11;12;16 5
5 8
2;3 14
2;3 11;12;16
2;3 10
2;3 18
2;3 4
0;1 7
0;1 6
0;1 2;3
12 #edges, tree 23
9 13;15;17
11;12;16 5
5 8
4 9
2;3 14
2;3 11;12;16
2;3 10
2;3 18
2;3 4
0;1 7
0;1 6
0;1 2;3
12 #edges, tree 24
9 13;15;17
11;12;16 5
18 8
4 9
2;3 14
2;3 11;12;16
2;3 10
2;3 18
2;3 4
0;1 7
0;1 6
0;1 2;3
12 #edges, tree 25
9 13;15;17
11;12;16 5
4 9
4 8
2;3 14
2;3 11;12;16
2;3 10
2;3 18
2;3 4
0;1 7
0;1 6
0;1 2;3
12 #edges, tree 26
9 13;15;17
7 9
11;12;16 5
4 18
2;3 14
2;3 11;12;16
2;3 10
2;3 8
2;3 4
0;1 7
0;1 6
0;1 2;3
12 #edges, tree 27
9 13;15;17
7 9
4 18
2;3 14
2;3 11;12;16
2;3 10
2;3 8
2;3 5
2;3 4
0;1 7
0;1 6
0;1 2;3
12 #edges, tree 28
7 9
11;12;16 5
4 13;15;17
4 18
2;3 14
2;3 11;12;16
2;3 10
2;3 8
2;3 4
0;1 7
0;1 6
0;1 2;3
12 #edges, tree 29
7 9
4 13;15;17
4 18
2;3 14
2;3 11;12;16
2;3 10
2;3 8
2;3 5
2;3 4
0;1 7
0;1 6
0;1 2;3
12 #edges, tree 30
7 13;15;17
7 9
4 18
2;3 14
2;3 11;12;16
2;3 10
2;3 8
2;3 5
2;3 4
0;1 7
0;1 6
0;1 2;3
12 #edges, tree 31
7 13;15;17
7 9
11;12;16 5
4 18
2;3 14
2;3 11;12;16
2;3 10
2;3 8
2;3 4
0;1 7
0;1 6
0;1 2;3
12 #edges, tree 32
9 13;15;17
7 9
5 18
2;3 14
2;3 11;12;16
2;3 10
2;3 8
2;3 5
2;3 4
0;1 7
0;1 6
0;1 2;3
12 #edges, tree 33
9 13;15;17
7 9
11;12;16 18
2;3 14
2;3 11;12;16
2;3 10
2;3 8
2;3 5
2;3 4
0;1 7
0;1 6
0;1 2;3
12 #edges, tree 34
7 9
11;12;16 18
4 13;15;17
2;3 14
2;3 11;12;16
2;3 10
2;3 8
2;3 5
2;3 4
0;1 7
0;1 6
0;1 2;3
12 #edges, tree 35
7 13;15;17
7 9
11;12;16 18
2;3 14
2;3 11;12;16
2;3 10
2;3 8
2;3 5
2;3 4
0;1 7
0;1 6
0;1 2;3
12 #edges, tree 36
7 13;15;17
7 9
5 18
2;3 14
2;3 11;12;16
2;3 10
2;3 8
2;3 5
2;3 4
0;1 7
0;1 6
0;1 2;3
12 #edges, tree 37
7 9
5 18
4 13;15;17
2;3 14
2;3 11;12;16
2;3 10
2;3 8
2;3 5
2;3 4
0;1 7
0;1 6
0;1 2;3
12 #edges, tree 38
7 9
11;12;16 5
5 18
4 13;15;17
2;3 14
2;3 11;12;16
2;3 10
2;3 8
2;3 4
0;1 7
0;1 6
0;1 2;3
12 #edges, tree 39
7 13;15;17
7 9
11;12;16 5
5 18
2;3 14
2;3 11;12;16
2;3 10
2;3 8
2;3 4
0;1 7
0;1 6
0;1 2;3
12 #edges, tree 40
9 13;15;17
7 9
11;12;16 5
5 18
2;3 14
2;3 11;12;16
2;3 10
2;3 8
2;3 4
0;1 7
0;1 6
0;1 2;3
12 #edges, tree 41
7 13;15;17
7 9
5 8
4 18
2;3 14
2;3 11;12;16
2;3 10
2;3 5
2;3 4
0;1 7
0;1 6
0;1 2;3
12 #edges, tree 42
7 13;15;17
7 9
5 8
5 18
2;3 14
2;3 11;12;16
2;3 10
2;3 5
2;3 4
0;1 7
0;1 6
0;1 2;3
12 #edges, tree 43
7 13;15;17
7 9
11;12;16 18
5 8
2;3 14
2;3 11;12;16
2;3 10
2;3 5
2;3 4
0;1 7
0;1 6
0;1 2;3
12 #edges, tree 44
7 13;15;17
7 9
5 18
4 8
2;3 14
2;3 11;12;16
2;3 10
2;3 5
2;3 4
0;1 7
0;1 6
0;1 2;3
12 #edges, tree 45
7 13;15;17
7 9
11;12;16 18
4 8
2;3 14
2;3 11;12;16
2;3 10
2;3 5
2;3 4
0;1 7
0;1 6
0;1 2;3
12 #edges, tree 46
7 13;15;17
7 9
11;12;16 8
11;12;16 18
2;3 14
2;3 11;12;16
2;3 10
2;3 5
2;3 4
0;1 7
0;1 6
0;1 2;3
12 #edges, tree 47
7 13;15;17
7 9
11;12;16 18
18 8
2;3 14
2;3 11;12;16
2;3 10
2;3 5
2;3 4
0;1 7
0;1 6
0;1 2;3
12 #edges, tree 48
7 13;15;17
7 9
18 8
4 18
2;3 14
2;3 11;12;16
2;3 10
2;3 5
2;3 4
0;1 7
0;1 6
0;1 2;3
12 #edges, tree 49
7 13;15;17
7 9
11;12;16 8
4 18
2;3 14
2;3 11;12;16
2;3 10
2;3 5
2;3 4
0;1 7
0;1 6
0;1 2;3
12 #edges, tree 50
7 13;15;17
7 9
5 18
18 8
2;3 14
2;3 11;12;16
2;3 10
2;3 5
2;3 4
0;1 7
0;1 6
0;1 2;3
12 #edges, tree 51
7 13;15;17
7 9
11;12;16 8
5 18
2;3 14
2;3 11;12;16
2;3 10
2;3 5
2;3 4
0;1 7
0;1 6
0;1 2;3
12 #edges, tree 52
9 13;15;17
7 9
5 8
5 18
2;3 14
2;3 11;12;16
2;3 10
2;3 5
2;3 4
0;1 7
0;1 6
0;1 2;3
12 #edges, tree 53
7 9
5 8
5 18
4 13;15;17
2;3 14
2;3 11;12;16
2;3 10
2;3 5
2;3 4
0;1 7
0;1 6
0;1 2;3
12 #edges, tree 54
7 9
5 18
18 8
4 13;15;17
2;3 14
2;3 11;12;16
2;3 10
2;3 5
2;3 4
0;1 7
0;1 6
0;1 2;3
12 #edges, tree 55
9 13;15;17
7 9
5 18
18 8
2;3 14
2;3 11;12;16
2;3 10
2;3 5
2;3 4
0;1 7
0;1 6
0;1 2;3
12 #edges, tree 56
7 9
5 18
4 13;15;17
4 8
2;3 14
2;3 11;12;16
2;3 10
2;3 5
2;3 4
0;1 7
0;1 6
0;1 2;3
12 #edges, tree 57
9 13;15;17
7 9
5 18
4 8
2;3 14
2;3 11;12;16
2;3 10
2;3 5
2;3 4
0;1 7
0;1 6
0;1 2;3
12 #edges, tree 58
9 13;15;17
7 9
11;12;16 8
5 18
2;3 14
2;3 11;12;16
2;3 10
2;3 5
2;3 4
0;1 7
0;1 6
0;1 2;3
12 #edges, tree 59
7 9
11;12;16 8
5 18
4 13;15;17
2;3 14
2;3 11;12;16
2;3 10
2;3 5
2;3 4
0;1 7
0;1 6
0;1 2;3
12 #edges, tree 60
9 13;15;17
7 9
5 8
4 18
2;3 14
2;3 11;12;16
2;3 10
2;3 5
2;3 4
0;1 7
0;1 6
0;1 2;3
12 #edges, tree 61
9 13;15;17
7 9
11;12;16 18
5 8
2;3 14
2;3 11;12;16
2;3 10
2;3 5
2;3 4
0;1 7
0;1 6
0;1 2;3
12 #edges, tree 62
7 9
11;12;16 18
5 8
4 13;15;17
2;3 14
2;3 11;12;16
2;3 10
2;3 5
2;3 4
0;1 7
0;1 6
0;1 2;3
12 #edges, tree 63
7 9
5 8
4 13;15;17
4 18
2;3 14
2;3 11;12;16
2;3 10
2;3 5
2;3 4
0;1 7
0;1 6
0;1 2;3
12 #edges, tree 64
9 13;15;17
7 9
11;12;16 18
18 8
2;3 14
2;3 11;12;16
2;3 10
2;3 5
2;3 4
0;1 7
0;1 6
0;1 2;3
12 #edges, tree 65
9 13;15;17
7 9
11;12;16 8
11;12;16 18
2;3 14
2;3 11;12;16
2;3 10
2;3 5
2;3 4
0;1 7
0;1 6
0;1 2;3
12 #edges, tree 66
9 13;15;17
7 9
11;12;16 18
4 8
2;3 14
2;3 11;12;16
2;3 10
2;3 5
2;3 4
0;1 7
0;1 6
0;1 2;3
12 #edges, tree 67
9 13;15;17
7 9
11;12;16 8
4 18
2;3 14
2;3 11;12;16
2;3 10
2;3 5
2;3 4
0;1 7
0;1 6
0;1 2;3
12 #edges, tree 68
9 13;15;17
7 9
18 8
4 18
2;3 14
2;3 11;12;16
2;3 10
2;3 5
2;3 4
0;1 7
0;1 6
0;1 2;3
12 #edges, tree 69
7 9
18 8
4 13;15;17
4 18
2;3 14
2;3 11;12;16
2;3 10
2;3 5
2;3 4
0;1 7
0;1 6
0;1 2;3
12 #edges, tree 70
7 9
11;12;16 8
4 13;15;17
4 18
2;3 14
2;3 11;12;16
2;3 10
2;3 5
2;3 4
0;1 7
0;1 6
0;1 2;3
12 #edges, tree 71
7 9
11;12;16 18
4 13;15;17
4 8
2;3 14
2;3 11;12;16
2;3 10
2;3 5
2;3 4
0;1 7
0;1 6
0;1 2;3
12 #edges, tree 72
7 9
11;12;16 8
11;12;16 18
4 13;15;17
2;3 14
2;3 11;12;16
2;3 10
2;3 5
2;3 4
0;1 7
0;1 6
0;1 2;3
12 #edges, tree 73
7 9
11;12;16 18
18 8
4 13;15;17
2;3 14
2;3 11;12;16
2;3 10
2;3 5
2;3 4
0;1 7
0;1 6
0;1 2;3
12 #edges, tree 74
7 9
11;12;16 5
5 18
4 13;15;17
4 8
2;3 14
2;3 11;12;16
2;3 10
2;3 4
0;1 7
0;1 6
0;1 2;3
12 #edges, tree 75
9 13;15;17
7 9
11;12;16 5
5 18
4 8
2;3 14
2;3 11;12;16
2;3 10
2;3 4
0;1 7
0;1 6
0;1 2;3
12 #edges, tree 76
7 13;15;17
7 9
11;12;16 5
5 18
4 8
2;3 14
2;3 11;12;16
2;3 10
2;3 4
0;1 7
0;1 6
0;1 2;3
12 #edges, tree 77
7 13;15;17
7 9
11;12;16 5
18 8
4 18
2;3 14
2;3 11;12;16
2;3 10
2;3 4
0;1 7
0;1 6
0;1 2;3
12 #edges, tree 78
7 13;15;17
7 9
11;12;16 5
5 8
4 18
2;3 14
2;3 11;12;16
2;3 10
2;3 4
0;1 7
0;1 6
0;1 2;3
12 #edges, tree 79
7 13;15;17
7 9
11;12;16 8
11;12;16 5
4 18
2;3 14
2;3 11;12;16
2;3 10
2;3 4
0;1 7
0;1 6
0;1 2;3
12 #edges, tree 80
7 9
11;12;16 8
11;12;16 5
4 13;15;17
4 18
2;3 14
2;3 11;12;16
2;3 10
2;3 4
0;1 7
0;1 6
0;1 2;3
12 #edges, tree 81
9 13;15;17
7 9
11;12;16 8
11;12;16 5
4 18
2;3 14
2;3 11;12;16
2;3 10
2;3 4
0;1 7
0;1 6
0;1 2;3
12 #edges, tree 82
7 9
11;12;16 5
18 8
4 13;15;17
4 18
2;3 14
2;3 11;12;16
2;3 10
2;3 4
0;1 7
0;1 6
0;1 2;3
12 #edges, tree 83
7 9
11;12;16 5
5 8
4 13;15;17
4 18
2;3 14
2;3 11;12;16
2;3 10
2;3 4
0;1 7
0;1 6
0;1 2;3
12 #edges, tree 84
9 13;15;17
7 9
11;12;16 5
18 8
4 18
2;3 14
2;3 11;12;16
2;3 10
2;3 4
0;1 7
0;1 6
0;1 2;3
12 #edges, tree 85
9 13;15;17
7 9
11;12;16 5
5 8
4 18
2;3 14
2;3 11;12;16
2;3 10
2;3 4
0;1 7
0;1 6
0;1 2;3
12 #edges, tree 86
7 13;15;17
7 9
11;12;16 8
11;12;16 5
5 18
2;3 14
2;3 11;12;16
2;3 10
2;3 4
0;1 7
0;1 6
0;1 2;3
12 #edges, tree 87
7 13;15;17
7 9
11;12;16 5
5 8
5 18
2;3 14
2;3 11;12;16
2;3 10
2;3 4
0;1 7
0;1 6
0;1 2;3
12 #edges, tree 88
7 13;15;17
7 9
11;12;16 5
5 18
18 8
2;3 14
2;3 11;12;16
2;3 10
2;3 4
0;1 7
0;1 6
0;1 2;3
12 #edges, tree 89
7 9
11;12;16 8
11;12;16 5
5 18
4 13;15;17
2;3 14
2;3 11;12;16
2;3 10
2;3 4
0;1 7
0;1 6
0;1 2;3
12 #edges, tree 90
7 9
11;12;16 5
5 18
18 8
4 13;15;17
2;3 14
2;3 11;12;16
2;3 10
2;3 4
0;1 7
0;1 6
0;1 2;3
12 #edges, tree 91
7 9
11;12;16 5
5 8
5 18
4 13;15;17
2;3 14
2;3 11;12;16
2;3 10
2;3 4
0;1 7
0;1 6
0;1 2;3
12 #edges, tree 92
9 13;15;17
7 9
11;12;16 8
11;12;16 5
5 18
2;3 14
2;3 11;12;16
2;3 10
2;3 4
0;1 7
0;1 6
0;1 2;3
12 #edges, tree 93
9 13;15;17
7 9
11;12;16 5
5 8
5 18
2;3 14
2;3 11;12;16
2;3 10
2;3 4
0;1 7
0;1 6
0;1 2;3
12 #edges, tree 94
9 13;15;17
7 9
11;12;16 5
5 18
18 8
2;3 14
2;3 11;12;16
2;3 10
2;3 4
0;1 7
0;1 6
0;1 2;3
12 #edges, tree 95
9 13;15;17
4 9
4 18
2;3 14
2;3 11;12;16
2;3 10
2;3 8
2;3 5
2;3 4
0;1 7
0;1 6
0;1 2;3
12 #edges, tree 96
9 13;15;17
18 8
4 9
4 18
2;3 14
2;3 11;12;16
2;3 10
2;3 5
2;3 4
0;1 7
0;1 6
0;1 2;3
12 #edges, tree 97
9 13;15;17
5 8
4 9
4 18
2;3 14
2;3 11;12;16
2;3 10
2;3 5
2;3 4
0;1 7
0;1 6
0;1 2;3
12 #edges, tree 98
9 13;15;17
11;12;16 8
4 9
4 18
2;3 14
2;3 11;12;16
2;3 10
2;3 5
2;3 4
0;1 7
0;1 6
0;1 2;3
12 #edges, tree 99
9 13;15;17
11;12;16 5
4 9
4 18
2;3 14
2;3 11;12;16
2;3 10
2;3 8
2;3 4
0;1 7
0;1 6
0;1 2;3
12 #edges, tree 100
9 13;15;17
11;12;16 5
5 8
4 9
4 18
2;3 14
2;3 11;12;16
2;3 10
2;3 4
0;1 7
0;1 6
0;1 2;3
12 #edges, tree 101
9 13;15;17
11;12;16 8
11;12;16 5
4 9
4 18
2;3 14
2;3 11;12;16
2;3 10
2;3 4
0;1 7
0;1 6
0;1 2;3
12 #edges, tree 102
9 13;15;17
11;12;16 5
18 8
4 9
4 18
2;3 14
2;3 11;12;16
2;3 10
2;3 4
0;1 7
0;1 6
0;1 2;3
12 #edges, tree 103
7 13;15;17
18 8
4 9
4 18
2;3 14
2;3 11;12;16
2;3 10
2;3 5
2;3 4
0;1 7
0;1 6
0;1 2;3
12 #edges, tree 104
7 13;15;17
11;12;16 5
18 8
4 9
4 18
2;3 14
2;3 11;12;16
2;3 10
2;3 4
0;1 7
0;1 6
0;1 2;3
12 #edges, tree 105
7 13;15;17
11;12;16 5
4 9
4 18
2;3 14
2;3 11;12;16
2;3 10
2;3 8
2;3 4
0;1 7
0;1 6
0;1 2;3
12 #edges, tree 106
7 13;15;17
4 9
4 18
2;3 14
2;3 11;12;16
2;3 10
2;3 8
2;3 5
2;3 4
0;1 7
0;1 6
0;1 2;3
12 #edges, tree 107
7 13;15;17
11;12;16 8
4 9
4 18
2;3 14
2;3 11;12;16
2;3 10
2;3 5
2;3 4
0;1 7
0;1 6
0;1 2;3
12 #edges, tree 108
7 13;15;17
11;12;16 8
11;12;16 5
4 9
4 18
2;3 14
2;3 11;12;16
2;3 10
2;3 4
0;1 7
0;1 6
0;1 2;3
12 #edges, tree 109
7 13;15;17
5 8
4 9
4 18
2;3 14
2;3 11;12;16
2;3 10
2;3 5
2;3 4
0;1 7
0;1 6
0;1 2;3
12 #edges, tree 110
7 13;15;17
11;12;16 5
5 8
4 9
4 18
2;3 14
2;3 11;12;16
2;3 10
2;3 4
0;1 7
0;1 6
0;1 2;3
12 #edges, tree 111
9 13;15;17
5 18
4 9
2;3 14
2;3 11;12;16
2;3 10
2;3 8
2;3 5
2;3 4
0;1 7
0;1 6
0;1 2;3
12 #edges, tree 112
7 13;15;17
5 18
4 9
2;3 14
2;3 11;12;16
2;3 10
2;3 8
2;3 5
2;3 4
0;1 7
0;1 6
0;1 2;3
12 #edges, tree 113
7 13;15;17
11;12;16 18
4 9
2;3 14
2;3 11;12;16
2;3 10
2;3 8
2;3 5
2;3 4
0;1 7
0;1 6
0;1 2;3
12 #edges, tree 114
9 13;15;17
11;12;16 18
4 9
2;3 14
2;3 11;12;16
2;3 10
2;3 8
2;3 5
2;3 4
0;1 7
0;1 6
0;1 2;3
12 #edges, tree 115
7 13;15;17
11;12;16 5
5 18
4 9
2;3 14
2;3 11;12;16
2;3 10
2;3 8
2;3 4
0;1 7
0;1 6
0;1 2;3
12 #edges, tree 116
9 13;15;17
11;12;16 5
5 18
4 9
2;3 14
2;3 11;12;16
2;3 10
2;3 8
2;3 4
0;1 7
0;1 6
0;1 2;3
12 #edges, tree 117
9 13;15;17
11;12;16 5
5 18
4 9
4 8
2;3 14
2;3 11;12;16
2;3 10
2;3 4
0;1 7
0;1 6
0;1 2;3
12 #edges, tree 118
9 13;15;17
11;12;16 18
4 9
4 8
2;3 14
2;3 11;12;16
2;3 10
2;3 5
2;3 4
0;1 7
0;1 6
0;1 2;3
12 #edges, tree 119
9 13;15;17
5 18
4 9
4 8
2;3 14
2;3 11;12;16
2;3 10
2;3 5
2;3 4
0;1 7
0;1 6
0;1 2;3
12 #edges, tree 120
7 13;15;17
11;12;16 5
5 18
4 9
4 8
2;3 14
2;3 11;12;16
2;3 10
2;3 4
0;1 7
0;1 6
0;1 2;3
12 #edges, tree 121
7 13;15;17
5 18
4 9
4 8
2;3 14
2;3 11;12;16
2;3 10
2;3 5
2;3 4
0;1 7
0;1 6
0;1 2;3
12 #edges, tree 122
7 13;15;17
11;12;16 18
4 9
4 8
2;3 14
2;3 11;12;16
2;3 10
2;3 5
2;3 4
0;1 7
0;1 6
0;1 2;3
12 #edges, tree 123
7 13;15;17
11;12;16 8
11;12;16 5
5 18
4 9
2;3 14
2;3 11;12;16
2;3 10
2;3 4
0;1 7
0;1 6
0;1 2;3
12 #edges, tree 124
9 13;15;17
11;12;16 8
11;12;16 5
5 18
4 9
2;3 14
2;3 11;12;16
2;3 10
2;3 4
0;1 7
0;1 6
0;1 2;3
12 #edges, tree 125
9 13;15;17
11;12;16 5
5 18
18 8
4 9
2;3 14
2;3 11;12;16
2;3 10
2;3 4
0;1 7
0;1 6
0;1 2;3
12 #edges, tree 126
7 13;15;17
11;12;16 5
5 18
18 8
4 9
2;3 14
2;3 11;12;16
2;3 10
2;3 4
0;1 7
0;1 6
0;1 2;3
12 #edges, tree 127
9 13;15;17
11;12;16 5
5 8
5 18
4 9
2;3 14
2;3 11;12;16
2;3 10
2;3 4
0;1 7
0;1 6
0;1 2;3
12 #edges, tree 128
7 13;15;17
11;12;16 5
5 8
5 18
4 9
2;3 14
2;3 11;12;16
2;3 10
2;3 4
0;1 7
0;1 6
0;1 2;3
12 #edges, tree 129
7 13;15;17
11;12;16 8
5 18
4 9
2;3 14
2;3 11;12;16
2;3 10
2;3 5
2;3 4
0;1 7
0;1 6
0;1 2;3
12 #edges, tree 130
7 13;15;17
11;12;16 8
11;12;16 18
4 9
2;3 14
2;3 11;12;16
2;3 10
2;3 5
2;3 4
0;1 7
0;1 6
0;1 2;3
12 #edges, tree 131
9 13;15;17
11;12;16 8
5 18
4 9
2;3 14
2;3 11;12;16
2;3 10
2;3 5
2;3 4
0;1 7
0;1 6
0;1 2;3
12 #edges, tree 132
9 13;15;17
11;12;16 8
11;12;16 18
4 9
2;3 14
2;3 11;12;16
2;3 10
2;3 5
2;3 4
0;1 7
0;1 6
0;1 2;3
12 #edges, tree 133
7 13;15;17
11;12;16 18
5 8
4 9
2;3 14
2;3 11;12;16
2;3 10
2;3 5
2;3 4
0;1 7
0;1 6
0;1 2;3
12 #edges, tree 134
7 13;15;17
11;12;16 18
18 8
4 9
2;3 14
2;3 11;12;16
2;3 10
2;3 5
2;3 4
0;1 7
0;1 6
0;1 2;3
12 #edges, tree 135
7 13;15;17
5 8
5 18
4 9
2;3 14
2;3 11;12;16
2;3 10
2;3 5
2;3 4
0;1 7
0;1 6
0;1 2;3
12 #edges, tree 136
7 13;15;17
5 18
18 8
4 9
2;3 14
2;3 11;12;16
2;3 10
2;3 5
2;3 4
0;1 7
0;1 6
0;1 2;3
12 #edges, tree 137
9 13;15;17
11;12;16 18
5 8
4 9
2;3 14
2;3 11;12;16
2;3 10
2;3 5
2;3 4
0;1 7
0;1 6
0;1 2;3
12 #edges, tree 138
9 13;15;17
11;12;16 18
18 8
4 9
2;3 14
2;3 11;12;16
2;3 10
2;3 5
2;3 4
0;1 7
0;1 6
0;1 2;3
12 #edges, tree 139
9 13;15;17
5 8
5 18
4 9
2;3 14
2;3 11;12;16
2;3 10
2;3 5
2;3 4
0;1 7
0;1 6
0;1 2;3
12 #edges, tree 140
9 13;15;17
5 18
18 8
4 9
2;3 14
2;3 11;12;16
2;3 10
2;3 5
2;3 4
0;1 7
0;1 6
0;1 2;3
12 #edges, tree 141
7 9
4 13;15;17
4 18
2;3 6
2;3 14
2;3 11;12;16
2;3 10
2;3 8
2;3 5
2;3 4
0;1 7
0;1 2;3
12 #edges, tree 142
7 13;15;17
4 9
4 18
2;3 6
2;3 14
2;3 11;12;16
2;3 10
2;3 8
2;3 5
2;3 4
0;1 7
0;1 2;3
12 #edges, tree 143
7 13;15;17
7 9
4 18
2;3 6
2;3 14
2;3 11;12;16
2;3 10
2;3 8
2;3 5
2;3 4
0;1 7
0;1 2;3
12 #edges, tree 144
9 13;15;17
4 9
4 18
2;3 6
2;3 14
2;3 11;12;16
2;3 10
2;3 8
2;3 5
2;3 4
0;1 7
0;1 2;3
12 #edges, tree 145
9 13;15;17
7 9
4 18
2;3 6
2;3 14
2;3 11;12;16
2;3 10
2;3 8
2;3 5
2;3 4
0;1 7
0;1 2;3
12 #edges, tree 146
9 13;15;17
7 9
5 18
2;3 6
2;3 14
2;3 11;12;16
2;3 10
2;3 8
2;3 5
2;3 4
0;1 7
0;1 2;3
12 #edges, tree 147
9 13;15;17
7 9
11;12;16 18
2;3 6
2;3 14
2;3 11;12;16
2;3 10
2;3 8
2;3 5
2;3 4
0;1 7
0;1 2;3
12 #edges, tree 148
7 9
5 18
4 13;15;17
2;3 6
2;3 14
2;3 11;12;16
2;3 10
2;3 8
2;3 5
2;3 4
0;1 7
0;1 2;3
12 #edges, tree 149
7 9
11;12;16 18
4 13;15;17
2;3 6
2;3 14
2;3 11;12;16
2;3 10
2;3 8
2;3 5
2;3 4
0;1 7
0;1 2;3
12 #edges, tree 150
7 13;15;17
7 9
11;12;16 18
2;3 6
2;3 14
2;3 11;12;16
2;3 10
2;3 8
2;3 5
2;3 4
0;1 7
0;1 2;3
12 #edges, tree 151
7 13;15;17
7 9
5 18
2;3 6
2;3 14
2;3 11;12;16
2;3 10
2;3 8
2;3 5
2;3 4
0;1 7
0;1 2;3
12 #edges, tree 152
7 13;15;17
5 18
4 9
2;3 6
2;3 14
2;3 11;12;16
2;3 10
2;3 8
2;3 5
2;3 4
0;1 7
0;1 2;3
12 #edges, tree 153
9 13;15;17
5 18
4 9
2;3 6
2;3 14
2;3 11;12;16
2;3 10
2;3 8
2;3 5
2;3 4
0;1 7
0;1 2;3
12 #edges, tree 154
9 13;15;17
11;12;16 18
4 9
2;3 6
2;3 14
2;3 11;12;16
2;3 10
2;3 8
2;3 5
2;3 4
0;1 7
0;1 2;3
12 #edges, tree 155
7 13;15;17
11;12;16 18
4 9
2;3 6
2;3 14
2;3 11;12;16
2;3 10
2;3 8
2;3 5
2;3 4
0;1 7
0;1 2;3
12 #edges, tree 156
7 13;15;17
7 9
11;12;16 5
2;3 6
2;3 14
2;3 11;12;16
2;3 10
2;3 8
2;3 18
2;3 4
0;1 7
0;1 2;3
12 #edges, tree 157
7 13;15;17
7 9
11;12;16 5
5 18
2;3 6
2;3 14
2;3 11;12;16
2;3 10
2;3 8
2;3 4
0;1 7
0;1 2;3
12 #edges, tree 158
7 13;15;17
7 9
11;12;16 5
4 18
2;3 6
2;3 14
2;3 11;12;16
2;3 10
2;3 8
2;3 4
0;1 7
0;1 2;3
12 #edges, tree 159
7 13;15;17
11;12;16 5
4 9
2;3 6
2;3 14
2;3 11;12;16
2;3 10
2;3 8
2;3 18
2;3 4
0;1 7
0;1 2;3
12 #edges, tree 160
7 13;15;17
11;12;16 5
4 9
4 18
2;3 6
2;3 14
2;3 11;12;16
2;3 10
2;3 8
2;3 4
0;1 7
0;1 2;3
12 #edges, tree 161
7 13;15;17
11;12;16 5
5 18
4 9
2;3 6
2;3 14
2;3 11;12;16
2;3 10
2;3 8
2;3 4
0;1 7
0;1 2;3
12 #edges, tree 162
9 13;15;17
7 9
11;12;16 5
2;3 6
2;3 14
2;3 11;12;16
2;3 10
2;3 8
2;3 18
2;3 4
0;1 7
0;1 2;3
12 #edges, tree 163
7 9
11;12;16 5
4 13;15;17
2;3 6
2;3 14
2;3 11;12;16
2;3 10
2;3 8
2;3 18
2;3 4
0;1 7
0;1 2;3
12 #edges, tree 164
9 13;15;17
11;12;16 5
4 9
2;3 6
2;3 14
2;3 11;12;16
2;3 10
2;3 8
2;3 18
2;3 4
0;1 7
0;1 2;3
12 #edges, tree 165
9 13;15;17
7 9
11;12;16 5
4 18
2;3 6
2;3 14
2;3 11;12;16
2;3 10
2;3 8
2;3 4
0;1 7
0;1 2;3
12 #edges, tree 166
9 13;15;17
7 9
11;12;16 5
5 18
2;3 6
2;3 14
2;3 11;12;16
2;3 10
2;3 8
2;3 4
0;1 7
0;1 2;3
12 #edges, tree 167
7 9
11;12;16 5
4 13;15;17
4 18
2;3 6
2;3 14
2;3 11;12;16
2;3 10
2;3 8
2;3 4
0;1 7
0;1 2;3
12 #edges, tree 168
7 9
11;12;16 5
5 18
4 13;15;17
2;3 6
2;3 14
2;3 11;12;16
2;3 10
2;3 8
2;3 4
0;1 7
0;1 2;3
12 #edges, tree 169
9 13;15;17
11;12;16 5
4 9
4 18
2;3 6
2;3 14
2;3 11;12;16
2;3 10
2;3 8
2;3 4
0;1 7
0;1 2;3
12 #edges, tree 170
9 13;15;17
11;12;16 5
5 18
4 9
2;3 6
2;3 14
2;3 11;12;16
2;3 10
2;3 8
2;3 4
0;1 7
0;1 2;3
12 #edges, tree 171
7 13;15;17
18 8
4 9
4 18
2;3 6
2;3 14
2;3 11;12;16
2;3 10
2;3 5
2;3 4
0;1 7
0;1 2;3
12 #edges, tree 172
7 13;15;17
7 9
18 8
4 18
2;3 6
2;3 14
2;3 11;12;16
2;3 10
2;3 5
2;3 4
0;1 7
0;1 2;3
12 #edges, tree 173
7 13;15;17
7 9
11;12;16 5
18 8
4 18
2;3 6
2;3 14
2;3 11;12;16
2;3 10
2;3 4
0;1 7
0;1 2;3
12 #edges, tree 174
7 13;15;17
11;12;16 5
18 8
4 9
4 18
2;3 6
2;3 14
2;3 11;12;16
2;3 10
2;3 4
0;1 7
0;1 2;3
12 #edges, tree 175
7 9
18 8
4 13;15;17
4 18
2;3 6
2;3 14
2;3 11;12;16
2;3 10
2;3 5
2;3 4
0;1 7
0;1 2;3
12 #edges, tree 176
7 9
11;12;16 5
18 8
4 13;15;17
4 18
2;3 6
2;3 14
2;3 11;12;16
2;3 10
2;3 4
0;1 7
0;1 2;3
12 #edges, tree 177
9 13;15;17
7 9
18 8
4 18
2;3 6
2;3 14
2;3 11;12;16
2;3 10
2;3 5
2;3 4
0;1 7
0;1 2;3
12 #edges, tree 178
9 13;15;17
18 8
4 9
4 18
2;3 6
2;3 14
2;3 11;12;16
2;3 10
2;3 5
2;3 4
0;1 7
0;1 2;3
12 #edges, tree 179
9 13;15;17
7 9
11;12;16 5
18 8
4 18
2;3 6
2;3 14
2;3 11;12;16
2;3 10
2;3 4
0;1 7
0;1 2;3
12 #edges, tree 180
9 13;15;17
11;12;16 5
18 8
4 9
4 18
2;3 6
2;3 14
2;3 11;12;16
2;3 10
2;3 4
0;1 7
0;1 2;3
12 #edges, tree 181
7 9
5 8
4 13;15;17
4 18
2;3 6
2;3 14
2;3 11;12;16
2;3 10
2;3 5
2;3 4
0;1 7
0;1 2;3
12 #edges, tree 182
7 9
11;12;16 8
4 13;15;17
4 18
2;3 6
2;3 14
2;3 11;12;16
2;3 10
2;3 5
2;3 4
0;1 7
0;1 2;3
12 #edges, tree 183
7 9
11;12;16 5
5 8
4 13;15;17
4 18
2;3 6
2;3 14
2;3 11;12;16
2;3 10
2;3 4
0;1 7
0;1 2;3
12 #edges, tree 184
7 9
11;12;16 8
11;12;16 5
4 13;15;17
4 18
2;3 6
2;3 14
2;3 11;12;16
2;3 10
2;3 4
0;1 7
0;1 2;3
12 #edges, tree 185
9 13;15;17
7 9
5 8
4 18
2;3 6
2;3 14
2;3 11;12;16
2;3 10
2;3 5
2;3 4
0;1 7
0;1 2;3
12 #edges, tree 186
9 13;15;17
7 9
11;12;16 8
4 18
2;3 6
2;3 14
2;3 11;12;16
2;3 10
2;3 5
2;3 4
0;1 7
0;1 2;3
12 #edges, tree 187
7 13;15;17
7 9
11;12;16 8
4 18
2;3 6
2;3 14
2;3 11;12;16
2;3 10
2;3 5
2;3 4
0;1 7
0;1 2;3
12 #edges, tree 188
7 13;15;17
7 9
5 8
4 18
2;3 6
2;3 14
2;3 11;12;16
2;3 10
2;3 5
2;3 4
0;1 7
0;1 2;3
12 #edges, tree 189
9 13;15;17
7 9
11;12;16 8
11;12;16 5
4 18
2;3 6
2;3 14
2;3 11;12;16
2;3 10
2;3 4
0;1 7
0;1 2;3
12 #edges, tree 190
9 13;15;17
7 9
11;12;16 5
5 8
4 18
2;3 6
2;3 14
2;3 11;12;16
2;3 10
2;3 4
0;1 7
0;1 2;3
12 #edges, tree 191
7 13;15;17
7 9
11;12;16 5
5 8
4 18
2;3 6
2;3 14
2;3 11;12;16
2;3 10
2;3 4
0;1 7
0;1 2;3
12 #edges, tree 192
7 13;15;17
7 9
11;12;16 8
11;12;16 5
4 18
2;3 6
2;3 14
2;3 11;12;16
2;3 10
2;3 4
0;1 7
0;1 2;3
12 #edges, tree 193
7 13;15;17
11;12;16 8
11;12;16 5
4 9
4 18
2;3 6
2;3 14
2;3 11;12;16
2;3 10
2;3 4
0;1 7
0;1 2;3
12 #edges, tree 194
9 13;15;17
11;12;16 8
11;12;16 5
4 9
4 18
2;3 6
2;3 14
2;3 11;12;16
2;3 10
2;3 4
0;1 7
0;1 2;3
12 #edges, tree 195
7 13;15;17
11;12;16 8
4 9
4 18
2;3 6
2;3 14
2;3 11;12;16
2;3 10
2;3 5
2;3 4
0;1 7
0;1 2;3
12 #edges, tree 196
9 13;15;17
11;12;16 8
4 9
4 18
2;3 6
2;3 14
2;3 11;12;16
2;3 10
2;3 5
2;3 4
0;1 7
0;1 2;3
12 #edges, tree 197
7 13;15;17
11;12;16 5
5 8
4 9
4 18
2;3 6
2;3 14
2;3 11;12;16
2;3 10
2;3 4
0;1 7
0;1 2;3
12 #edges, tree 198
7 13;15;17
5 8
4 9
4 18
2;3 6
2;3 14
2;3 11;12;16
2;3 10
2;3 5
2;3 4
0;1 7
0;1 2;3
12 #edges, tree 199
9 13;15;17
11;12;16 5
5 8
4 9
4 18
2;3 6
2;3 14
2;3 11;12;16
2;3 10
2;3 4
0;1 7
0;1 2;3
12 #edges, tree 200
9 13;15;17
5 8
4 9
4 18
2;3 6
2;3 14
2;3 11;12;16
2;3 10
2;3 5
2;3 4
0;1 7
0;1 2;3
12 #edges, tree 201
7 9
11;12;16 18
4 13;15;17
4 8
2;3 6
2;3 14
2;3 11;12;16
2;3 10
2;3 5
2;3 4
0;1 7
0;1 2;3
12 #edges, tree 202
7 9
5 18
4 13;15;17
4 8
2;3 6
2;3 14
2;3 11;12;16
2;3 10
2;3 5
2;3 4
0;1 7
0;1 2;3
12 #edges, tree 203
7 9
5 18
18 8
4 13;15;17
2;3 6
2;3 14
2;3 11;12;16
2;3 10
2;3 5
2;3 4
0;1 7
0;1 2;3
12 #edges, tree 204
7 9
11;12;16 8
5 18
4 13;15;17
2;3 6
2;3 14
2;3 11;12;16
2;3 10
2;3 5
2;3 4
0;1 7
0;1 2;3
12 #edges, tree 205
7 9
5 8
5 18
4 13;15;17
2;3 6
2;3 14
2;3 11;12;16
2;3 10
2;3 5
2;3 4
0;1 7
0;1 2;3
12 #edges, tree 206
7 9
11;12;16 8
11;12;16 18
4 13;15;17
2;3 6
2;3 14
2;3 11;12;16
2;3 10
2;3 5
2;3 4
0;1 7
0;1 2;3
12 #edges, tree 207
7 9
11;12;16 18
18 8
4 13;15;17
2;3 6
2;3 14
2;3 11;12;16
2;3 10
2;3 5
2;3 4
0;1 7
0;1 2;3
12 #edges, tree 208
7 9
11;12;16 18
5 8
4 13;15;17
2;3 6
2;3 14
2;3 11;12;16
2;3 10
2;3 5
2;3 4
0;1 7
0;1 2;3
12 #edges, tree 209
7 9
11;12;16 5
4 13;15;17
4 8
2;3 6
2;3 14
2;3 11;12;16
2;3 10
2;3 18
2;3 4
0;1 7
0;1 2;3
12 #edges, tree 210
7 9
11;12;16 8
11;12;16 5
4 13;15;17
2;3 6
2;3 14
2;3 11;12;16
2;3 10
2;3 18
2;3 4
0;1 7
0;1 2;3
12 #edges, tree 211
7 9
11;12;16 5
5 8
4 13;15;17
2;3 6
2;3 14
2;3 11;12;16
2;3 10
2;3 18
2;3 4
0;1 7
0;1 2;3
12 #edges, tree 212
7 9
11;12;16 5
18 8
4 13;15;17
2;3 6
2;3 14
2;3 11;12;16
2;3 10
2;3 18
2;3 4
0;1 7
0;1 2;3
12 #edges, tree 213
7 9
11;12;16 5
5 18
4 13;15;17
4 8
2;3 6
2;3 14
2;3 11;12;16
2;3 10
2;3 4
0;1 7
0;1 2;3
12 #edges, tree 214
7 9
11;12;16 5
5 8
5 18
4 13;15;17
2;3 6
2;3 14
2;3 11;12;16
2;3 10
2;3 4
0;1 7
0;1 2;3
12 #edges, tree 215
7 9
11;12;16 8
11;12;16 5
5 18
4 13;15;17
2;3 6
2;3 14
2;3 11;12;16
2;3 10
2;3 4
0;1 7
0;1 2;3
12 #edges, tree 216
7 9
11;12;16 5
5 18
18 8
4 13;15;17
2;3 6
2;3 14
2;3 11;12;16
2;3 10
2;3 4
0;1 7
0;1 2;3
12 #edges, tree 217
7 13;15;17
5 8
5 18
4 9
2;3 6
2;3 14
2;3 11;12;16
2;3 10
2;3 5
2;3 4
0;1 7
0;1 2;3
12 #edges, tree 218
9 13;15;17
5 8
5 18
4 9
2;3 6
2;3 14
2;3 11;12;16
2;3 10
2;3 5
2;3 4
0;1 7
0;1 2;3
12 #edges, tree 219
7 13;15;17
7 9
5 8
5 18
2;3 6
2;3 14
2;3 11;12;16
2;3 10
2;3 5
2;3 4
0;1 7
0;1 2;3
12 #edges, tree 220
9 13;15;17
7 9
5 8
5 18
2;3 6
2;3 14
2;3 11;12;16
2;3 10
2;3 5
2;3 4
0;1 7
0;1 2;3
12 #edges, tree 221
7 13;15;17
7 9
11;12;16 18
5 8
2;3 6
2;3 14
2;3 11;12;16
2;3 10
2;3 5
2;3 4
0;1 7
0;1 2;3
12 #edges, tree 222
7 13;15;17
11;12;16 18
5 8
4 9
2;3 6
2;3 14
2;3 11;12;16
2;3 10
2;3 5
2;3 4
0;1 7
0;1 2;3
12 #edges, tree 223
9 13;15;17
7 9
11;12;16 18
5 8
2;3 6
2;3 14
2;3 11;12;16
2;3 10
2;3 5
2;3 4
0;1 7
0;1 2;3
12 #edges, tree 224
9 13;15;17
11;12;16 18
5 8
4 9
2;3 6
2;3 14
2;3 11;12;16
2;3 10
2;3 5
2;3 4
0;1 7
0;1 2;3
12 #edges, tree 225
7 13;15;17
7 9
5 18
4 8
2;3 6
2;3 14
2;3 11;12;16
2;3 10
2;3 5
2;3 4
0;1 7
0;1 2;3
12 #edges, tree 226
7 13;15;17
7 9
11;12;16 18
4 8
2;3 6
2;3 14
2;3 11;12;16
2;3 10
2;3 5
2;3 4
0;1 7
0;1 2;3
12 #edges, tree 227
9 13;15;17
7 9
11;12;16 18
4 8
2;3 6
2;3 14
2;3 11;12;16
2;3 10
2;3 5
2;3 4
0;1 7
0;1 2;3
12 #edges, tree 228
9 13;15;17
7 9
5 18
4 8
2;3 6
2;3 14
2;3 11;12;16
2;3 10
2;3 5
2;3 4
0;1 7
0;1 2;3
12 #edges, tree 229
9 13;15;17
7 9
11;12;16 8
5 18
2;3 6
2;3 14
2;3 11;12;16
2;3 10
2;3 5
2;3 4
0;1 7
0;1 2;3
12 #edges, tree 230
9 13;15;17
7 9
5 18
18 8
2;3 6
2;3 14
2;3 11;12;16
2;3 10
2;3 5
2;3 4
0;1 7
0;1 2;3
12 #edges, tree 231
7 13;15;17
7 9
11;12;16 8
5 18
2;3 6
2;3 14
2;3 11;12;16
2;3 10
2;3 5
2;3 4
0;1 7
0;1 2;3
12 #edges, tree 232
7 13;15;17
7 9
5 18
18 8
2;3 6
2;3 14
2;3 11;12;16
2;3 10
2;3 5
2;3 4
0;1 7
0;1 2;3
12 #edges, tree 233
9 13;15;17
7 9
11;12;16 8
11;12;16 18
2;3 6
2;3 14
2;3 11;12;16
2;3 10
2;3 5
2;3 4
0;1 7
0;1 2;3
12 #edges, tree 234
9 13;15;17
7 9
11;12;16 18
18 8
2;3 6
2;3 14
2;3 11;12;16
2;3 10
2;3 5
2;3 4
0;1 7
0;1 2;3
12 #edges, tree 235
7 13;15;17
7 9
11;12;16 8
11;12;16 18
2;3 6
2;3 14
2;3 11;12;16
2;3 10
2;3 5
2;3 4
0;1 7
0;1 2;3
12 #edges, tree 236
7 13;15;17
7 9
11;12;16 18
18 8
2;3 6
2;3 14
2;3 11;12;16
2;3 10
2;3 5
2;3 4
0;1 7
0;1 2;3
12 #edges, tree 237
7 13;15;17
5 18
4 9
4 8
2;3 6
2;3 14
2;3 11;12;16
2;3 10
2;3 5
2;3 4
0;1 7
0;1 2;3
12 #edges, tree 238
7 13;15;17
11;12;16 18
4 9
4 8
2;3 6
2;3 14
2;3 11;12;16
2;3 10
2;3 5
2;3 4
0;1 7
0;1 2;3
12 #edges, tree 239
7 13;15;17
5 18
18 8
4 9
2;3 6
2;3 14
2;3 11;12;16
2;3 10
2;3 5
2;3 4
0;1 7
0;1 2;3
12 #edges, tree 240
7 13;15;17
11;12;16 8
5 18
4 9
2;3 6
2;3 14
2;3 11;12;16
2;3 10
2;3 5
2;3 4
0;1 7
0;1 2;3
12 #edges, tree 241
7 13;15;17
11;12;16 8
11;12;16 18
4 9
2;3 6
2;3 14
2;3 11;12;16
2;3 10
2;3 5
2;3 4
0;1 7
0;1 2;3
12 #edges, tree 242
7 13;15;17
11;12;16 18
18 8
4 9
2;3 6
2;3 14
2;3 11;12;16
2;3 10
2;3 5
2;3 4
0;1 7
0;1 2;3
12 #edges, tree 243
9 13;15;17
11;12;16 18
4 9
4 8
2;3 6
2;3 14
2;3 11;12;16
2;3 10
2;3 5
2;3 4
0;1 7
0;1 2;3
12 #edges, tree 244
9 13;15;17
5 18
4 9
4 8
2;3 6
2;3 14
2;3 11;12;16
2;3 10
2;3 5
2;3 4
0;1 7
0;1 2;3
12 #edges, tree 245
9 13;15;17
5 18
18 8
4 9
2;3 6
2;3 14
2;3 11;12;16
2;3 10
2;3 5
2;3 4
0;1 7
0;1 2;3
12 #edges, tree 246
9 13;15;17
11;12;16 8
5 18
4 9
2;3 6
2;3 14
2;3 11;12;16
2;3 10
2;3 5
2;3 4
0;1 7
0;1 2;3
12 #edges, tree 247
9 13;15;17
11;12;16 8
11;12;16 18
4 9
2;3 6
2;3 14
2;3 11;12;16
2;3 10
2;3 5
2;3 4
0;1 7
0;1 2;3
12 #edges, tree 248
9 13;15;17
11;12;16 18
18 8
4 9
2;3 6
2;3 14
2;3 11;12;16
2;3 10
2;3 5
2;3 4
0;1 7
0;1 2;3
12 #edges, tree 249
7 13;15;17
7 9
11;12;16 5
4 8
2;3 6
2;3 14
2;3 11;12;16
2;3 10
2;3 18
2;3 4
0;1 7
0;1 2;3
12 #edges, tree 250
7 13;15;17
7 9
11;12;16 5
5 18
4 8
2;3 6
2;3 14
2;3 11;12;16
2;3 10
2;3 4
0;1 7
0;1 2;3
12 #edges, tree 251
7 13;15;17
7 9
11;12;16 8
11;12;16 5
5 18
2;3 6
2;3 14
2;3 11;12;16
2;3 10
2;3 4
0;1 7
0;1 2;3
12 #edges, tree 252
7 13;15;17
7 9
11;12;16 5
5 8
5 18
2;3 6
2;3 14
2;3 11;12;16
2;3 10
2;3 4
0;1 7
0;1 2;3
12 #edges, tree 253
7 13;15;17
7 9
11;12;16 5
5 18
18 8
2;3 6
2;3 14
2;3 11;12;16
2;3 10
2;3 4
0;1 7
0;1 2;3
12 #edges, tree 254
7 13;15;17
7 9
11;12;16 8
11;12;16 5
2;3 6
2;3 14
2;3 11;12;16
2;3 10
2;3 18
2;3 4
0;1 7
0;1 2;3
12 #edges, tree 255
7 13;15;17
7 9
11;12;16 5
5 8
2;3 6
2;3 14
2;3 11;12;16
2;3 10
2;3 18
2;3 4
0;1 7
0;1 2;3
12 #edges, tree 256
7 13;15;17
7 9
11;12;16 5
18 8
2;3 6
2;3 14
2;3 11;12;16
2;3 10
2;3 18
2;3 4
0;1 7
0;1 2;3
12 #edges, tree 257
9 13;15;17
7 9
11;12;16 5
4 8
2;3 6
2;3 14
2;3 11;12;16
2;3 10
2;3 18
2;3 4
0;1 7
0;1 2;3
12 #edges, tree 258
9 13;15;17
7 9
11;12;16 5
18 8
2;3 6
2;3 14
2;3 11;12;16
2;3 10
2;3 18
2;3 4
0;1 7
0;1 2;3
12 #edges, tree 259
9 13;15;17
7 9
11;12;16 8
11;12;16 5
2;3 6
2;3 14
2;3 11;12;16
2;3 10
2;3 18
2;3 4
0;1 7
0;1 2;3
12 #edges, tree 260
9 13;15;17
7 9
11;12;16 5
5 8
2;3 6
2;3 14
2;3 11;12;16
2;3 10
2;3 18
2;3 4
0;1 7
0;1 2;3
12 #edges, tree 261
9 13;15;17
7 9
11;12;16 8
11;12;16 5
5 18
2;3 6
2;3 14
2;3 11;12;16
2;3 10
2;3 4
0;1 7
0;1 2;3
12 #edges, tree 262
9 13;15;17
7 9
11;12;16 5
5 8
5 18
2;3 6
2;3 14
2;3 11;12;16
2;3 10
2;3 4
0;1 7
0;1 2;3
12 #edges, tree 263
9 13;15;17
7 9
11;12;16 5
5 18
18 8
2;3 6
2;3 14
2;3 11;12;16
2;3 10
2;3 4
0;1 7
0;1 2;3
12 #edges, tree 264
9 13;15;17
7 9
11;12;16 5
5 18
4 8
2;3 6
2;3 14
2;3 11;12;16
2;3 10
2;3 4
0;1 7
0;1 2;3
12 #edges, tree 265
7 13;15;17
11;12;16 5
4 9
4 8
2;3 6
2;3 14
2;3 11;12;16
2;3 10
2;3 18
2;3 4
0;1 7
0;1 2;3
12 #edges, tree 266
7 13;15;17
11;12;16 8
11;12;16 5
4 9
2;3 6
2;3 14
2;3 11;12;16
2;3 10
2;3 18
2;3 4
0;1 7
0;1 2;3
12 #edges, tree 267
7 13;15;17
11;12;16 5
5 8
4 9
2;3 6
2;3 14
2;3 11;12;16
2;3 10
2;3 18
2;3 4
0;1 7
0;1 2;3
12 #edges, tree 268
7 13;15;17
11;12;16 5
18 8
4 9
2;3 6
2;3 14
2;3 11;12;16
2;3 10
2;3 18
2;3 4
0;1 7
0;1 2;3
12 #edges, tree 269
7 13;15;17
11;12;16 5
5 8
5 18
4 9
2;3 6
2;3 14
2;3 11;12;16
2;3 10
2;3 4
0;1 7
0;1 2;3
12 #edges, tree 270
7 13;15;17
11;12;16 5
5 18
18 8
4 9
2;3 6
2;3 14
2;3 11;12;16
2;3 10
2;3 4
0;1 7
0;1 2;3
12 #edges, tree 271
7 13;15;17
11;12;16 8
11;12;16 5
5 18
4 9
2;3 6
2;3 14
2;3 11;12;16
2;3 10
2;3 4
0;1 7
0;1 2;3
12 #edges, tree 272
7 13;15;17
11;12;16 5
5 18
4 9
4 8
2;3 6
2;3 14
2;3 11;12;16
2;3 10
2;3 4
0;1 7
0;1 2;3
12 #edges, tree 273
9 13;15;17
11;12;16 5
5 8
4 9
2;3 6
2;3 14
2;3 11;12;16
2;3 10
2;3 18
2;3 4
0;1 7
0;1 2;3
12 #edges, tree 274
9 13;15;17
11;12;16 5
5 8
5 18
4 9
2;3 6
2;3 14
2;3 11;12;16
2;3 10
2;3 4
0;1 7
0;1 2;3
12 #edges, tree 275
9 13;15;17
11;12;16 5
4 9
4 8
2;3 6
2;3 14
2;3 11;12;16
2;3 10
2;3 18
2;3 4
0;1 7
0;1 2;3
12 #edges, tree 276
9 13;15;17
11;12;16 5
5 18
4 9
4 8
2;3 6
2;3 14
2;3 11;12;16
2;3 10
2;3 4
0;1 7
0;1 2;3
12 #edges, tree 277
9 13;15;17
11;12;16 5
5 18
18 8
4 9
2;3 6
2;3 14
2;3 11;12;16
2;3 10
2;3 4
0;1 7
0;1 2;3
12 #edges, tree 278
9 13;15;17
11;12;16 8
11;12;16 5
5 18
4 9
2;3 6
2;3 14
2;3 11;12;16
2;3 10
2;3 4
0;1 7
0;1 2;3
12 #edges, tree 279
9 13;15;17
11;12;16 8
11;12;16 5
4 9
2;3 6
2;3 14
2;3 11;12;16
2;3 10
2;3 18
2;3 4
0;1 7
0;1 2;3
12 #edges, tree 280
9 13;15;17
11;12;16 5
18 8
4 9
2;3 6
2;3 14
2;3 11;12;16
2;3 10
2;3 18
2;3 4
0;1 7
0;1 2;3
