# 47 out of 47 mutations
3 #trees
12 #edges, tree 1
3 5;6
26;30;33;34;35;39;41;45;48;51 23
26;30;33;34;35;39;41;45;48;51 58
24 26;30;33;34;35;39;41;45;48;51
24 25;27;32;36;38;43;44;47;50;52;54
21 24
20 22
20 21
2;4;7;8;9;10;11;12;13;14;15;16;17;18 20
2;4;7;8;9;10;11;12;13;14;15;16;17;18 19
0;1 3
0;1 2;4;7;8;9;10;11;12;13;14;15;16;17;18
12 #edges, tree 2
3 5;6
22 23
26;30;33;34;35;39;41;45;48;51 58
24 26;30;33;34;35;39;41;45;48;51
24 25;27;32;36;38;43;44;47;50;52;54
21 24
20 22
20 21
2;4;7;8;9;10;11;12;13;14;15;16;17;18 20
2;4;7;8;9;10;11;12;13;14;15;16;17;18 19
0;1 3
0;1 2;4;7;8;9;10;11;12;13;14;15;16;17;18
12 #edges, tree 3
3 5;6
26;30;33;34;35;39;41;45;48;51 58
25;27;32;36;38;43;44;47;50;52;54 23
24 26;30;33;34;35;39;41;45;48;51
24 25;27;32;36;38;43;44;47;50;52;54
21 24
20 22
20 21
2;4;7;8;9;10;11;12;13;14;15;16;17;18 20
2;4;7;8;9;10;11;12;13;14;15;16;17;18 19
0;1 3
0;1 2;4;7;8;9;10;11;12;13;14;15;16;17;18
