# 27 out of 27 mutations
4 #trees
12 #edges, tree 1
5 19;22;25
16 18;20;23
16 24;27
6;7 21
6;7 11;13;14;15
6;7 10
4 16
4 6;7
3 5
3 4
0;1;2 8;9;12;17
0;1;2 3
12 #edges, tree 2
5 19;22;25
16 18;20;23
10 24;27
6;7 21
6;7 11;13;14;15
6;7 10
4 16
4 6;7
3 5
3 4
0;1;2 8;9;12;17
0;1;2 3
12 #edges, tree 3
5 19;22;25
16 18;20;23
11;13;14;15 8;9;12;17
10 24;27
6;7 21
6;7 11;13;14;15
6;7 10
4 16
4 6;7
3 5
3 4
0;1;2 3
12 #edges, tree 4
5 19;22;25
16 18;20;23
16 24;27
11;13;14;15 8;9;12;17
6;7 21
6;7 11;13;14;15
6;7 10
4 16
4 6;7
3 5
3 4
0;1;2 3
