# 19 out of 19 mutations
12 #trees
12 #edges, tree 1
7 13;15;17
7 9
11;12;16 5
2;3 14
2;3 11;12;16
2;3 10
2;3 8
2;3 18
2;3 4
0;1 7
0;1 6
0;1 2;3
12 #edges, tree 2
13;15;17 8
7 13;15;17
7 9
11;12;16 5
2;3 14
2;3 11;12;16
2;3 10
2;3 18
2;3 4
0;1 7
0;1 6
0;1 2;3
12 #edges, tree 3
7 13;15;17
7 9
5 18
2;3 14
2;3 11;12;16
2;3 10
2;3 8
2;3 5
2;3 4
0;1 7
0;1 6
0;1 2;3
12 #edges, tree 4
13;15;17 8
7 13;15;17
7 9
5 18
2;3 14
2;3 11;12;16
2;3 10
2;3 5
2;3 4
0;1 7
0;1 6
0;1 2;3
12 #edges, tree 5
7 13;15;17
7 9
4 18
2;3 14
2;3 11;12;16
2;3 10
2;3 8
2;3 5
2;3 4
0;1 7
0;1 6
0;1 2;3
12 #edges, tree 6
7 13;15;17
7 9
11;12;16 18
2;3 14
2;3 11;12;16
2;3 10
2;3 8
2;3 5
2;3 4
0;1 7
0;1 6
0;1 2;3
12 #edges, tree 7
13;15;17 8
7 13;15;17
7 9
4 18
2;3 14
2;3 11;12;16
2;3 10
2;3 5
2;3 4
0;1 7
0;1 6
0;1 2;3
12 #edges, tree 8
13;15;17 8
7 13;15;17
7 9
11;12;16 18
2;3 14
2;3 11;12;16
2;3 10
2;3 5
2;3 4
0;1 7
0;1 6
0;1 2;3
12 #edges, tree 9
7 13;15;17
7 9
11;12;16 5
4 18
2;3 14
2;3 11;12;16
2;3 10
2;3 8
2;3 4
0;1 7
0;1 6
0;1 2;3
12 #edges, tree 10
13;15;17 8
7 13;15;17
7 9
11;12;16 5
4 18
2;3 14
2;3 11;12;16
2;3 10
2;3 4
0;1 7
0;1 6
0;1 2;3
12 #edges, tree 11
7 13;15;17
7 9
11;12;16 5
5 18
2;3 14
2;3 11;12;16
2;3 10
2;3 8
2;3 4
0;1 7
0;1 6
0;1 2;3
12 #edges, tree 12
13;15;17 8
7 13;15;17
7 9
11;12;16 5
5 18
2;3 14
2;3 11;12;16
2;3 10
2;3 4
0;1 7
0;1 6
0;1 2;3
