# 16 out of 16 mutations
252 #trees
12 #edges, tree 1
7 5;12;16
7 9
2 7
2 3
2 14
8 10;15
1 4
1 11
1 8
1 6
0 2
0 1
12 #edges, tree 2
7 5;12;16
2 7
2 3
2 14
8 10;15
6 9
1 4
1 11
1 8
1 6
0 2
0 1
12 #edges, tree 3
7 9
2 7
2 5;12;16
2 3
2 14
8 10;15
1 4
1 11
1 8
1 6
0 2
0 1
12 #edges, tree 4
7 9
2 7
2 3
2 14
8 10;15
9 5;12;16
1 4
1 11
1 8
1 6
0 2
0 1
12 #edges, tree 5
7 9
2 7
2 3
2 14
8 10;15
6 5;12;16
1 4
1 11
1 8
1 6
0 2
0 1
12 #edges, tree 6
2 7
2 5;12;16
2 3
2 14
8 10;15
6 9
1 4
1 11
1 8
1 6
0 2
0 1
12 #edges, tree 7
2 7
2 3
2 14
8 10;15
9 5;12;16
6 9
1 4
1 11
1 8
1 6
0 2
0 1
12 #edges, tree 8
7 5;12;16
7 9
2 7
2 4
2 3
2 14
8 10;15
1 11
1 8
1 6
0 2
0 1
12 #edges, tree 9
7 9
2 7
2 4
2 3
2 14
8 10;15
9 5;12;16
1 11
1 8
1 6
0 2
0 1
12 #edges, tree 10
7 9
2 7
2 4
2 3
2 14
8 10;15
6 5;12;16
1 11
1 8
1 6
0 2
0 1
12 #edges, tree 11
7 9
2 7
2 5;12;16
2 4
2 3
2 14
8 10;15
1 11
1 8
1 6
0 2
0 1
12 #edges, tree 12
7 5;12;16
2 7
2 4
2 3
2 14
8 10;15
6 9
1 11
1 8
1 6
0 2
0 1
12 #edges, tree 13
2 7
2 5;12;16
2 4
2 3
2 14
8 10;15
6 9
1 11
1 8
1 6
0 2
0 1
12 #edges, tree 14
2 7
2 4
2 3
2 14
8 10;15
9 5;12;16
6 9
1 11
1 8
1 6
0 2
0 1
12 #edges, tree 15
2 7
2 5;12;16
2 3
8 10;15
6 14
6 9
1 4
1 11
1 8
1 6
0 2
0 1
12 #edges, tree 16
2 7
2 5;12;16
2 4
2 3
8 10;15
6 14
6 9
1 11
1 8
1 6
0 2
0 1
12 #edges, tree 17
2 7
2 5;12;16
2 4
2 3
8 10;15
10;15 14
6 9
1 11
1 8
1 6
0 2
0 1
12 #edges, tree 18
2 7
2 5;12;16
2 3
8 10;15
10;15 14
6 9
1 4
1 11
1 8
1 6
0 2
0 1
12 #edges, tree 19
7 9
2 7
2 5;12;16
2 4
2 3
8 10;15
6 14
1 11
1 8
1 6
0 2
0 1
12 #edges, tree 20
7 9
2 7
2 5;12;16
2 3
8 10;15
6 14
1 4
1 11
1 8
1 6
0 2
0 1
12 #edges, tree 21
7 9
2 7
2 5;12;16
2 4
2 3
8 10;15
10;15 14
1 11
1 8
1 6
0 2
0 1
12 #edges, tree 22
7 9
2 7
2 5;12;16
2 3
8 10;15
10;15 14
1 4
1 11
1 8
1 6
0 2
0 1
12 #edges, tree 23
2 7
2 4
2 3
8 10;15
10;15 14
9 5;12;16
6 9
1 11
1 8
1 6
0 2
0 1
12 #edges, tree 24
2 7
2 4
2 3
8 10;15
9 5;12;16
6 14
6 9
1 11
1 8
1 6
0 2
0 1
12 #edges, tree 25
7 5;12;16
2 7
2 4
2 3
8 10;15
10;15 14
6 9
1 11
1 8
1 6
0 2
0 1
12 #edges, tree 26
7 5;12;16
2 7
2 4
2 3
8 10;15
6 14
6 9
1 11
1 8
1 6
0 2
0 1
12 #edges, tree 27
7 9
2 7
2 4
2 3
8 10;15
10;15 14
6 5;12;16
1 11
1 8
1 6
0 2
0 1
12 #edges, tree 28
7 9
2 7
2 4
2 3
8 10;15
10;15 14
9 5;12;16
1 11
1 8
1 6
0 2
0 1
12 #edges, tree 29
7 5;12;16
7 9
2 7
2 4
2 3
8 10;15
10;15 14
1 11
1 8
1 6
0 2
0 1
12 #edges, tree 30
7 9
2 7
2 4
2 3
8 10;15
6 5;12;16
6 14
1 11
1 8
1 6
0 2
0 1
12 #edges, tree 31
7 9
2 7
2 4
2 3
8 10;15
9 5;12;16
6 14
1 11
1 8
1 6
0 2
0 1
12 #edges, tree 32
7 5;12;16
7 9
2 7
2 4
2 3
8 10;15
6 14
1 11
1 8
1 6
0 2
0 1
12 #edges, tree 33
7 9
2 7
2 3
8 10;15
6 5;12;16
6 14
1 4
1 11
1 8
1 6
0 2
0 1
12 #edges, tree 34
7 9
2 7
2 3
8 10;15
9 5;12;16
6 14
1 4
1 11
1 8
1 6
0 2
0 1
12 #edges, tree 35
7 5;12;16
7 9
2 7
2 3
8 10;15
6 14
1 4
1 11
1 8
1 6
0 2
0 1
12 #edges, tree 36
7 5;12;16
2 7
2 3
8 10;15
6 14
6 9
1 4
1 11
1 8
1 6
0 2
0 1
12 #edges, tree 37
2 7
2 3
8 10;15
9 5;12;16
6 14
6 9
1 4
1 11
1 8
1 6
0 2
0 1
12 #edges, tree 38
7 9
2 7
2 3
8 10;15
10;15 14
9 5;12;16
1 4
1 11
1 8
1 6
0 2
0 1
12 #edges, tree 39
7 9
2 7
2 3
8 10;15
10;15 14
6 5;12;16
1 4
1 11
1 8
1 6
0 2
0 1
12 #edges, tree 40
7 5;12;16
7 9
2 7
2 3
8 10;15
10;15 14
1 4
1 11
1 8
1 6
0 2
0 1
12 #edges, tree 41
7 5;12;16
2 7
2 3
8 10;15
10;15 14
6 9
1 4
1 11
1 8
1 6
0 2
0 1
12 #edges, tree 42
2 7
2 3
8 10;15
10;15 14
9 5;12;16
6 9
1 4
1 11
1 8
1 6
0 2
0 1
12 #edges, tree 43
2 7
2 5;12;16
2 3
2 10;15
8 14
6 9
1 4
1 11
1 8
1 6
0 2
0 1
12 #edges, tree 44
7 9
2 7
2 5;12;16
2 3
2 10;15
8 14
1 4
1 11
1 8
1 6
0 2
0 1
12 #edges, tree 45
2 7
2 3
2 10;15
8 14
9 5;12;16
6 9
1 4
1 11
1 8
1 6
0 2
0 1
12 #edges, tree 46
7 5;12;16
2 7
2 3
2 10;15
8 14
6 9
1 4
1 11
1 8
1 6
0 2
0 1
12 #edges, tree 47
7 9
2 7
2 3
2 10;15
8 14
6 5;12;16
1 4
1 11
1 8
1 6
0 2
0 1
12 #edges, tree 48
7 5;12;16
7 9
2 7
2 3
2 10;15
8 14
1 4
1 11
1 8
1 6
0 2
0 1
12 #edges, tree 49
7 9
2 7
2 3
2 10;15
8 14
9 5;12;16
1 4
1 11
1 8
1 6
0 2
0 1
12 #edges, tree 50
7 9
2 7
2 3
8 14
6 5;12;16
6 10;15
1 4
1 11
1 8
1 6
0 2
0 1
12 #edges, tree 51
2 7
2 5;12;16
2 3
8 14
6 10;15
6 9
1 4
1 11
1 8
1 6
0 2
0 1
12 #edges, tree 52
7 5;12;16
2 7
2 3
8 14
6 10;15
6 9
1 4
1 11
1 8
1 6
0 2
0 1
12 #edges, tree 53
2 7
2 3
8 14
9 5;12;16
6 10;15
6 9
1 4
1 11
1 8
1 6
0 2
0 1
12 #edges, tree 54
7 9
2 7
2 5;12;16
2 3
8 14
6 10;15
1 4
1 11
1 8
1 6
0 2
0 1
12 #edges, tree 55
7 5;12;16
7 9
2 7
2 3
8 14
6 10;15
1 4
1 11
1 8
1 6
0 2
0 1
12 #edges, tree 56
7 9
2 7
2 3
8 14
9 5;12;16
6 10;15
1 4
1 11
1 8
1 6
0 2
0 1
12 #edges, tree 57
2 7
2 5;12;16
2 4
2 3
2 10;15
8 14
6 9
1 11
1 8
1 6
0 2
0 1
12 #edges, tree 58
2 7
2 4
2 3
2 10;15
8 14
9 5;12;16
6 9
1 11
1 8
1 6
0 2
0 1
12 #edges, tree 59
7 5;12;16
2 7
2 4
2 3
2 10;15
8 14
6 9
1 11
1 8
1 6
0 2
0 1
12 #edges, tree 60
7 9
2 7
2 4
2 3
2 10;15
8 14
6 5;12;16
1 11
1 8
1 6
0 2
0 1
12 #edges, tree 61
7 9
2 7
2 5;12;16
2 4
2 3
2 10;15
8 14
1 11
1 8
1 6
0 2
0 1
12 #edges, tree 62
7 5;12;16
7 9
2 7
2 4
2 3
2 10;15
8 14
1 11
1 8
1 6
0 2
0 1
12 #edges, tree 63
7 9
2 7
2 4
2 3
2 10;15
8 14
9 5;12;16
1 11
1 8
1 6
0 2
0 1
12 #edges, tree 64
2 7
2 5;12;16
2 4
2 3
8 14
6 10;15
6 9
1 11
1 8
1 6
0 2
0 1
12 #edges, tree 65
7 9
2 7
2 5;12;16
2 4
2 3
8 14
6 10;15
1 11
1 8
1 6
0 2
0 1
12 #edges, tree 66
7 5;12;16
7 9
2 7
2 4
2 3
8 14
6 10;15
1 11
1 8
1 6
0 2
0 1
12 #edges, tree 67
7 5;12;16
2 7
2 4
2 3
8 14
6 10;15
6 9
1 11
1 8
1 6
0 2
0 1
12 #edges, tree 68
2 7
2 4
2 3
8 14
9 5;12;16
6 10;15
6 9
1 11
1 8
1 6
0 2
0 1
12 #edges, tree 69
7 9
2 7
2 4
2 3
8 14
6 5;12;16
6 10;15
1 11
1 8
1 6
0 2
0 1
12 #edges, tree 70
7 9
2 7
2 4
2 3
8 14
9 5;12;16
6 10;15
1 11
1 8
1 6
0 2
0 1
12 #edges, tree 71
7 9
2 7
2 5;12;16
2 3
2 10;15
10;15 14
1 4
1 11
1 8
1 6
0 2
0 1
12 #edges, tree 72
7 9
2 7
2 5;12;16
2 3
2 10;15
6 14
1 4
1 11
1 8
1 6
0 2
0 1
12 #edges, tree 73
7 9
2 7
2 5;12;16
2 3
2 14
6 10;15
1 4
1 11
1 8
1 6
0 2
0 1
12 #edges, tree 74
7 9
2 7
2 5;12;16
2 3
10;15 14
6 10;15
1 4
1 11
1 8
1 6
0 2
0 1
12 #edges, tree 75
2 7
2 5;12;16
2 3
2 10;15
10;15 14
6 9
1 4
1 11
1 8
1 6
0 2
0 1
12 #edges, tree 76
2 7
2 5;12;16
2 3
2 10;15
6 14
6 9
1 4
1 11
1 8
1 6
0 2
0 1
12 #edges, tree 77
2 7
2 5;12;16
2 3
2 14
6 10;15
6 9
1 4
1 11
1 8
1 6
0 2
0 1
12 #edges, tree 78
2 7
2 5;12;16
2 3
10;15 14
6 10;15
6 9
1 4
1 11
1 8
1 6
0 2
0 1
12 #edges, tree 79
7 9
2 7
2 5;12;16
2 4
2 3
2 14
6 10;15
1 11
1 8
1 6
0 2
0 1
12 #edges, tree 80
7 9
2 7
2 5;12;16
2 4
2 3
2 10;15
6 14
1 11
1 8
1 6
0 2
0 1
12 #edges, tree 81
7 9
2 7
2 5;12;16
2 4
2 3
2 10;15
10;15 14
1 11
1 8
1 6
0 2
0 1
12 #edges, tree 82
7 9
2 7
2 5;12;16
2 4
2 3
10;15 14
6 10;15
1 11
1 8
1 6
0 2
0 1
12 #edges, tree 83
2 7
2 5;12;16
2 4
2 3
2 14
6 10;15
6 9
1 11
1 8
1 6
0 2
0 1
12 #edges, tree 84
2 7
2 5;12;16
2 4
2 3
2 10;15
6 14
6 9
1 11
1 8
1 6
0 2
0 1
12 #edges, tree 85
2 7
2 5;12;16
2 4
2 3
10;15 14
6 10;15
6 9
1 11
1 8
1 6
0 2
0 1
12 #edges, tree 86
2 7
2 5;12;16
2 4
2 3
2 10;15
10;15 14
6 9
1 11
1 8
1 6
0 2
0 1
12 #edges, tree 87
7 9
2 7
2 3
2 10;15
10;15 14
9 5;12;16
1 4
1 11
1 8
1 6
0 2
0 1
12 #edges, tree 88
7 9
2 7
2 4
2 3
2 10;15
10;15 14
9 5;12;16
1 11
1 8
1 6
0 2
0 1
12 #edges, tree 89
7 9
2 7
2 4
2 3
2 10;15
10;15 14
6 5;12;16
1 11
1 8
1 6
0 2
0 1
12 #edges, tree 90
7 5;12;16
7 9
2 7
2 4
2 3
2 10;15
10;15 14
1 11
1 8
1 6
0 2
0 1
12 #edges, tree 91
7 9
2 7
2 3
2 10;15
10;15 14
6 5;12;16
1 4
1 11
1 8
1 6
0 2
0 1
12 #edges, tree 92
7 5;12;16
7 9
2 7
2 3
2 10;15
10;15 14
1 4
1 11
1 8
1 6
0 2
0 1
12 #edges, tree 93
7 9
2 7
2 4
2 3
2 10;15
9 5;12;16
6 14
1 11
1 8
1 6
0 2
0 1
12 #edges, tree 94
7 9
2 7
2 4
2 3
2 10;15
6 5;12;16
6 14
1 11
1 8
1 6
0 2
0 1
12 #edges, tree 95
7 5;12;16
7 9
2 7
2 4
2 3
2 10;15
6 14
1 11
1 8
1 6
0 2
0 1
12 #edges, tree 96
7 9
2 7
2 3
2 10;15
9 5;12;16
6 14
1 4
1 11
1 8
1 6
0 2
0 1
12 #edges, tree 97
7 5;12;16
7 9
2 7
2 3
2 10;15
6 14
1 4
1 11
1 8
1 6
0 2
0 1
12 #edges, tree 98
7 9
2 7
2 3
2 10;15
6 5;12;16
6 14
1 4
1 11
1 8
1 6
0 2
0 1
12 #edges, tree 99
7 5;12;16
7 9
2 7
2 4
2 3
2 14
6 10;15
1 11
1 8
1 6
0 2
0 1
12 #edges, tree 100
7 5;12;16
7 9
2 7
2 3
2 14
6 10;15
1 4
1 11
1 8
1 6
0 2
0 1
12 #edges, tree 101
7 9
2 7
2 4
2 3
2 14
9 5;12;16
6 10;15
1 11
1 8
1 6
0 2
0 1
12 #edges, tree 102
7 9
2 7
2 3
2 14
9 5;12;16
6 10;15
1 4
1 11
1 8
1 6
0 2
0 1
12 #edges, tree 103
7 9
2 7
2 3
2 14
6 5;12;16
6 10;15
1 4
1 11
1 8
1 6
0 2
0 1
12 #edges, tree 104
7 9
2 7
2 4
2 3
2 14
6 5;12;16
6 10;15
1 11
1 8
1 6
0 2
0 1
12 #edges, tree 105
7 5;12;16
7 9
2 7
2 4
2 3
10;15 14
6 10;15
1 11
1 8
1 6
0 2
0 1
12 #edges, tree 106
7 5;12;16
7 9
2 7
2 3
10;15 14
6 10;15
1 4
1 11
1 8
1 6
0 2
0 1
12 #edges, tree 107
7 9
2 7
2 4
2 3
10;15 14
6 5;12;16
6 10;15
1 11
1 8
1 6
0 2
0 1
12 #edges, tree 108
7 9
2 7
2 3
10;15 14
6 5;12;16
6 10;15
1 4
1 11
1 8
1 6
0 2
0 1
12 #edges, tree 109
7 9
2 7
2 3
10;15 14
9 5;12;16
6 10;15
1 4
1 11
1 8
1 6
0 2
0 1
12 #edges, tree 110
7 9
2 7
2 4
2 3
10;15 14
9 5;12;16
6 10;15
1 11
1 8
1 6
0 2
0 1
12 #edges, tree 111
2 7
2 3
2 10;15
9 5;12;16
6 14
6 9
1 4
1 11
1 8
1 6
0 2
0 1
12 #edges, tree 112
2 7
2 3
2 10;15
10;15 14
9 5;12;16
6 9
1 4
1 11
1 8
1 6
0 2
0 1
12 #edges, tree 113
7 5;12;16
2 7
2 3
2 10;15
10;15 14
6 9
1 4
1 11
1 8
1 6
0 2
0 1
12 #edges, tree 114
7 5;12;16
2 7
2 3
2 10;15
6 14
6 9
1 4
1 11
1 8
1 6
0 2
0 1
12 #edges, tree 115
7 5;12;16
2 7
2 3
2 14
6 10;15
6 9
1 4
1 11
1 8
1 6
0 2
0 1
12 #edges, tree 116
2 7
2 3
2 14
9 5;12;16
6 10;15
6 9
1 4
1 11
1 8
1 6
0 2
0 1
12 #edges, tree 117
7 5;12;16
2 7
2 3
10;15 14
6 10;15
6 9
1 4
1 11
1 8
1 6
0 2
0 1
12 #edges, tree 118
2 7
2 3
10;15 14
9 5;12;16
6 10;15
6 9
1 4
1 11
1 8
1 6
0 2
0 1
12 #edges, tree 119
7 5;12;16
2 7
2 4
2 3
2 10;15
6 14
6 9
1 11
1 8
1 6
0 2
0 1
12 #edges, tree 120
2 7
2 4
2 3
2 10;15
9 5;12;16
6 14
6 9
1 11
1 8
1 6
0 2
0 1
12 #edges, tree 121
2 7
2 4
2 3
2 10;15
10;15 14
9 5;12;16
6 9
1 11
1 8
1 6
0 2
0 1
12 #edges, tree 122
7 5;12;16
2 7
2 4
2 3
2 10;15
10;15 14
6 9
1 11
1 8
1 6
0 2
0 1
12 #edges, tree 123
7 5;12;16
2 7
2 4
2 3
10;15 14
6 10;15
6 9
1 11
1 8
1 6
0 2
0 1
12 #edges, tree 124
7 5;12;16
2 7
2 4
2 3
2 14
6 10;15
6 9
1 11
1 8
1 6
0 2
0 1
12 #edges, tree 125
2 7
2 4
2 3
10;15 14
9 5;12;16
6 10;15
6 9
1 11
1 8
1 6
0 2
0 1
12 #edges, tree 126
2 7
2 4
2 3
2 14
9 5;12;16
6 10;15
6 9
1 11
1 8
1 6
0 2
0 1
12 #edges, tree 127
7 5;12;16
7 9
2 7
2 4
2 3
2 8
8 10;15
1 11
1 14
1 6
0 2
0 1
12 #edges, tree 128
7 9
2 7
2 5;12;16
2 4
2 3
2 8
8 10;15
1 11
1 14
1 6
0 2
0 1
12 #edges, tree 129
7 9
2 7
2 4
2 3
2 8
8 10;15
6 5;12;16
1 11
1 14
1 6
0 2
0 1
12 #edges, tree 130
7 9
2 7
2 4
2 3
2 8
8 10;15
9 5;12;16
1 11
1 14
1 6
0 2
0 1
12 #edges, tree 131
7 9
2 7
2 5;12;16
2 4
2 3
2 8
6 10;15
1 11
1 14
1 6
0 2
0 1
12 #edges, tree 132
7 9
2 7
2 4
2 3
2 8
6 5;12;16
6 10;15
1 11
1 14
1 6
0 2
0 1
12 #edges, tree 133
7 5;12;16
7 9
2 7
2 4
2 3
2 8
6 10;15
1 11
1 14
1 6
0 2
0 1
12 #edges, tree 134
7 9
2 7
2 4
2 3
2 8
9 5;12;16
6 10;15
1 11
1 14
1 6
0 2
0 1
12 #edges, tree 135
2 7
2 4
2 3
2 8
9 5;12;16
6 10;15
6 9
1 11
1 14
1 6
0 2
0 1
12 #edges, tree 136
2 7
2 4
2 3
2 8
8 10;15
9 5;12;16
6 9
1 11
1 14
1 6
0 2
0 1
12 #edges, tree 137
2 7
2 5;12;16
2 4
2 3
2 8
6 10;15
6 9
1 11
1 14
1 6
0 2
0 1
12 #edges, tree 138
7 5;12;16
2 7
2 4
2 3
2 8
6 10;15
6 9
1 11
1 14
1 6
0 2
0 1
12 #edges, tree 139
2 7
2 5;12;16
2 4
2 3
2 8
8 10;15
6 9
1 11
1 14
1 6
0 2
0 1
12 #edges, tree 140
7 5;12;16
2 7
2 4
2 3
2 8
8 10;15
6 9
1 11
1 14
1 6
0 2
0 1
12 #edges, tree 141
7 9
2 7
2 3
2 8
9 5;12;16
6 10;15
1 4
1 11
1 14
1 6
0 2
0 1
12 #edges, tree 142
7 9
2 7
2 3
2 8
6 5;12;16
6 10;15
1 4
1 11
1 14
1 6
0 2
0 1
12 #edges, tree 143
7 5;12;16
7 9
2 7
2 3
2 8
6 10;15
1 4
1 11
1 14
1 6
0 2
0 1
12 #edges, tree 144
7 9
2 7
2 5;12;16
2 3
2 8
6 10;15
1 4
1 11
1 14
1 6
0 2
0 1
12 #edges, tree 145
7 9
2 7
2 3
2 8
8 10;15
9 5;12;16
1 4
1 11
1 14
1 6
0 2
0 1
12 #edges, tree 146
7 9
2 7
2 3
2 8
8 10;15
6 5;12;16
1 4
1 11
1 14
1 6
0 2
0 1
12 #edges, tree 147
7 9
2 7
2 5;12;16
2 3
2 8
8 10;15
1 4
1 11
1 14
1 6
0 2
0 1
12 #edges, tree 148
7 5;12;16
7 9
2 7
2 3
2 8
8 10;15
1 4
1 11
1 14
1 6
0 2
0 1
12 #edges, tree 149
7 5;12;16
2 7
2 3
2 8
8 10;15
6 9
1 4
1 11
1 14
1 6
0 2
0 1
12 #edges, tree 150
7 5;12;16
2 7
2 3
2 8
6 10;15
6 9
1 4
1 11
1 14
1 6
0 2
0 1
12 #edges, tree 151
2 7
2 5;12;16
2 3
2 8
6 10;15
6 9
1 4
1 11
1 14
1 6
0 2
0 1
12 #edges, tree 152
2 7
2 3
2 8
9 5;12;16
6 10;15
6 9
1 4
1 11
1 14
1 6
0 2
0 1
12 #edges, tree 153
2 7
2 5;12;16
2 3
2 8
8 10;15
6 9
1 4
1 11
1 14
1 6
0 2
0 1
12 #edges, tree 154
2 7
2 3
2 8
8 10;15
9 5;12;16
6 9
1 4
1 11
1 14
1 6
0 2
0 1
12 #edges, tree 155
7 9
2 7
2 3
2 8
10;15 14
6 5;12;16
1 4
1 11
1 10;15
1 6
0 2
0 1
12 #edges, tree 156
7 9
2 7
2 3
2 8
8 14
6 5;12;16
1 4
1 11
1 10;15
1 6
0 2
0 1
12 #edges, tree 157
7 9
2 7
2 3
2 8
6 5;12;16
6 14
1 4
1 11
1 10;15
1 6
0 2
0 1
12 #edges, tree 158
7 9
2 7
2 4
2 3
2 8
6 5;12;16
6 14
1 11
1 10;15
1 6
0 2
0 1
12 #edges, tree 159
7 9
2 7
2 4
2 3
2 8
10;15 14
6 5;12;16
1 11
1 10;15
1 6
0 2
0 1
12 #edges, tree 160
7 9
2 7
2 4
2 3
2 8
8 14
6 5;12;16
1 11
1 10;15
1 6
0 2
0 1
12 #edges, tree 161
2 7
2 5;12;16
2 3
2 8
10;15 14
6 9
1 4
1 11
1 10;15
1 6
0 2
0 1
12 #edges, tree 162
7 9
2 7
2 5;12;16
2 3
2 8
10;15 14
1 4
1 11
1 10;15
1 6
0 2
0 1
12 #edges, tree 163
7 9
2 7
2 5;12;16
2 3
2 8
8 14
1 4
1 11
1 10;15
1 6
0 2
0 1
12 #edges, tree 164
7 9
2 7
2 5;12;16
2 3
2 8
6 14
1 4
1 11
1 10;15
1 6
0 2
0 1
12 #edges, tree 165
2 7
2 5;12;16
2 3
2 8
6 14
6 9
1 4
1 11
1 10;15
1 6
0 2
0 1
12 #edges, tree 166
2 7
2 5;12;16
2 3
2 8
8 14
6 9
1 4
1 11
1 10;15
1 6
0 2
0 1
12 #edges, tree 167
7 9
2 7
2 5;12;16
2 4
2 3
2 8
6 14
1 11
1 10;15
1 6
0 2
0 1
12 #edges, tree 168
2 7
2 5;12;16
2 4
2 3
2 8
6 14
6 9
1 11
1 10;15
1 6
0 2
0 1
12 #edges, tree 169
7 9
2 7
2 5;12;16
2 4
2 3
2 8
8 14
1 11
1 10;15
1 6
0 2
0 1
12 #edges, tree 170
2 7
2 5;12;16
2 4
2 3
2 8
8 14
6 9
1 11
1 10;15
1 6
0 2
0 1
12 #edges, tree 171
2 7
2 5;12;16
2 4
2 3
2 8
10;15 14
6 9
1 11
1 10;15
1 6
0 2
0 1
12 #edges, tree 172
7 9
2 7
2 5;12;16
2 4
2 3
2 8
10;15 14
1 11
1 10;15
1 6
0 2
0 1
12 #edges, tree 173
7 5;12;16
7 9
2 7
2 3
2 8
10;15 14
1 4
1 11
1 10;15
1 6
0 2
0 1
12 #edges, tree 174
7 5;12;16
2 7
2 3
2 8
10;15 14
6 9
1 4
1 11
1 10;15
1 6
0 2
0 1
12 #edges, tree 175
7 5;12;16
2 7
2 4
2 3
2 8
10;15 14
6 9
1 11
1 10;15
1 6
0 2
0 1
12 #edges, tree 176
7 5;12;16
7 9
2 7
2 4
2 3
2 8
10;15 14
1 11
1 10;15
1 6
0 2
0 1
12 #edges, tree 177
7 9
2 7
2 4
2 3
2 8
10;15 14
9 5;12;16
1 11
1 10;15
1 6
0 2
0 1
12 #edges, tree 178
2 7
2 4
2 3
2 8
10;15 14
9 5;12;16
6 9
1 11
1 10;15
1 6
0 2
0 1
12 #edges, tree 179
7 9
2 7
2 3
2 8
10;15 14
9 5;12;16
1 4
1 11
1 10;15
1 6
0 2
0 1
12 #edges, tree 180
2 7
2 3
2 8
10;15 14
9 5;12;16
6 9
1 4
1 11
1 10;15
1 6
0 2
0 1
12 #edges, tree 181
7 5;12;16
7 9
2 7
2 3
2 8
8 14
1 4
1 11
1 10;15
1 6
0 2
0 1
12 #edges, tree 182
7 5;12;16
7 9
2 7
2 4
2 3
2 8
8 14
1 11
1 10;15
1 6
0 2
0 1
12 #edges, tree 183
7 5;12;16
2 7
2 3
2 8
8 14
6 9
1 4
1 11
1 10;15
1 6
0 2
0 1
12 #edges, tree 184
7 5;12;16
2 7
2 4
2 3
2 8
8 14
6 9
1 11
1 10;15
1 6
0 2
0 1
12 #edges, tree 185
2 7
2 3
2 8
8 14
9 5;12;16
6 9
1 4
1 11
1 10;15
1 6
0 2
0 1
12 #edges, tree 186
2 7
2 4
2 3
2 8
8 14
9 5;12;16
6 9
1 11
1 10;15
1 6
0 2
0 1
12 #edges, tree 187
7 9
2 7
2 4
2 3
2 8
8 14
9 5;12;16
1 11
1 10;15
1 6
0 2
0 1
12 #edges, tree 188
7 9
2 7
2 3
2 8
8 14
9 5;12;16
1 4
1 11
1 10;15
1 6
0 2
0 1
12 #edges, tree 189
7 5;12;16
2 7
2 4
2 3
2 8
6 14
6 9
1 11
1 10;15
1 6
0 2
0 1
12 #edges, tree 190
7 5;12;16
7 9
2 7
2 4
2 3
2 8
6 14
1 11
1 10;15
1 6
0 2
0 1
12 #edges, tree 191
2 7
2 4
2 3
2 8
9 5;12;16
6 14
6 9
1 11
1 10;15
1 6
0 2
0 1
12 #edges, tree 192
7 9
2 7
2 4
2 3
2 8
9 5;12;16
6 14
1 11
1 10;15
1 6
0 2
0 1
12 #edges, tree 193
7 5;12;16
2 7
2 3
2 8
6 14
6 9
1 4
1 11
1 10;15
1 6
0 2
0 1
12 #edges, tree 194
2 7
2 3
2 8
9 5;12;16
6 14
6 9
1 4
1 11
1 10;15
1 6
0 2
0 1
12 #edges, tree 195
7 5;12;16
7 9
2 7
2 3
2 8
6 14
1 4
1 11
1 10;15
1 6
0 2
0 1
12 #edges, tree 196
7 9
2 7
2 3
2 8
9 5;12;16
6 14
1 4
1 11
1 10;15
1 6
0 2
0 1
12 #edges, tree 197
2 7
2 4
2 3
2 8
10;15 14
9 5;12;16
6 10;15
6 9
1 11
1 6
0 2
0 1
12 #edges, tree 198
2 7
2 4
2 3
2 8
8 14
9 5;12;16
6 10;15
6 9
1 11
1 6
0 2
0 1
12 #edges, tree 199
7 5;12;16
2 7
2 4
2 3
2 8
10;15 14
6 10;15
6 9
1 11
1 6
0 2
0 1
12 #edges, tree 200
7 5;12;16
2 7
2 4
2 3
2 8
8 14
6 10;15
6 9
1 11
1 6
0 2
0 1
12 #edges, tree 201
2 7
2 5;12;16
2 4
2 3
2 8
10;15 14
6 10;15
6 9
1 11
1 6
0 2
0 1
12 #edges, tree 202
2 7
2 5;12;16
2 4
2 3
2 8
8 14
6 10;15
6 9
1 11
1 6
0 2
0 1
12 #edges, tree 203
7 5;12;16
2 7
2 4
2 3
2 8
8 10;15
10;15 14
6 9
1 11
1 6
0 2
0 1
12 #edges, tree 204
7 5;12;16
2 7
2 4
2 3
2 8
8 10;15
6 14
6 9
1 11
1 6
0 2
0 1
12 #edges, tree 205
2 7
2 4
2 3
2 8
8 10;15
9 5;12;16
6 14
6 9
1 11
1 6
0 2
0 1
12 #edges, tree 206
2 7
2 5;12;16
2 4
2 3
2 8
8 10;15
6 14
6 9
1 11
1 6
0 2
0 1
12 #edges, tree 207
2 7
2 5;12;16
2 4
2 3
2 8
8 10;15
10;15 14
6 9
1 11
1 6
0 2
0 1
12 #edges, tree 208
2 7
2 4
2 3
2 8
8 10;15
10;15 14
9 5;12;16
6 9
1 11
1 6
0 2
0 1
12 #edges, tree 209
7 9
2 7
2 4
2 3
2 8
10;15 14
6 5;12;16
6 10;15
1 11
1 6
0 2
0 1
12 #edges, tree 210
7 9
2 7
2 4
2 3
2 8
8 14
6 5;12;16
6 10;15
1 11
1 6
0 2
0 1
12 #edges, tree 211
7 9
2 7
2 4
2 3
2 8
8 10;15
6 5;12;16
6 14
1 11
1 6
0 2
0 1
12 #edges, tree 212
7 9
2 7
2 4
2 3
2 8
8 10;15
10;15 14
6 5;12;16
1 11
1 6
0 2
0 1
12 #edges, tree 213
7 9
2 7
2 5;12;16
2 4
2 3
2 8
8 10;15
6 14
1 11
1 6
0 2
0 1
12 #edges, tree 214
7 9
2 7
2 5;12;16
2 4
2 3
2 8
8 14
6 10;15
1 11
1 6
0 2
0 1
12 #edges, tree 215
7 9
2 7
2 5;12;16
2 4
2 3
2 8
8 10;15
10;15 14
1 11
1 6
0 2
0 1
12 #edges, tree 216
7 9
2 7
2 5;12;16
2 4
2 3
2 8
10;15 14
6 10;15
1 11
1 6
0 2
0 1
12 #edges, tree 217
7 5;12;16
7 9
2 7
2 4
2 3
2 8
10;15 14
6 10;15
1 11
1 6
0 2
0 1
12 #edges, tree 218
7 9
2 7
2 4
2 3
2 8
10;15 14
9 5;12;16
6 10;15
1 11
1 6
0 2
0 1
12 #edges, tree 219
7 9
2 7
2 4
2 3
2 8
8 14
9 5;12;16
6 10;15
1 11
1 6
0 2
0 1
12 #edges, tree 220
7 5;12;16
7 9
2 7
2 4
2 3
2 8
8 14
6 10;15
1 11
1 6
0 2
0 1
12 #edges, tree 221
7 9
2 7
2 4
2 3
2 8
8 10;15
9 5;12;16
6 14
1 11
1 6
0 2
0 1
12 #edges, tree 222
7 5;12;16
7 9
2 7
2 4
2 3
2 8
8 10;15
6 14
1 11
1 6
0 2
0 1
12 #edges, tree 223
7 5;12;16
7 9
2 7
2 4
2 3
2 8
8 10;15
10;15 14
1 11
1 6
0 2
0 1
12 #edges, tree 224
7 9
2 7
2 4
2 3
2 8
8 10;15
10;15 14
9 5;12;16
1 11
1 6
0 2
0 1
12 #edges, tree 225
7 9
2 7
2 3
2 8
8 10;15
6 5;12;16
6 14
1 4
1 11
1 6
0 2
0 1
12 #edges, tree 226
7 9
2 7
2 3
2 8
8 10;15
9 5;12;16
6 14
1 4
1 11
1 6
0 2
0 1
12 #edges, tree 227
7 5;12;16
7 9
2 7
2 3
2 8
8 10;15
6 14
1 4
1 11
1 6
0 2
0 1
12 #edges, tree 228
7 9
2 7
2 5;12;16
2 3
2 8
8 10;15
6 14
1 4
1 11
1 6
0 2
0 1
12 #edges, tree 229
2 7
2 5;12;16
2 3
2 8
8 10;15
6 14
6 9
1 4
1 11
1 6
0 2
0 1
12 #edges, tree 230
7 5;12;16
2 7
2 3
2 8
8 10;15
6 14
6 9
1 4
1 11
1 6
0 2
0 1
12 #edges, tree 231
2 7
2 3
2 8
8 10;15
9 5;12;16
6 14
6 9
1 4
1 11
1 6
0 2
0 1
12 #edges, tree 232
7 9
2 7
2 3
2 8
8 14
6 5;12;16
6 10;15
1 4
1 11
1 6
0 2
0 1
12 #edges, tree 233
7 9
2 7
2 3
2 8
10;15 14
6 5;12;16
6 10;15
1 4
1 11
1 6
0 2
0 1
12 #edges, tree 234
7 9
2 7
2 3
2 8
8 10;15
10;15 14
6 5;12;16
1 4
1 11
1 6
0 2
0 1
12 #edges, tree 235
2 7
2 5;12;16
2 3
2 8
8 14
6 10;15
6 9
1 4
1 11
1 6
0 2
0 1
12 #edges, tree 236
2 7
2 5;12;16
2 3
2 8
10;15 14
6 10;15
6 9
1 4
1 11
1 6
0 2
0 1
12 #edges, tree 237
2 7
2 5;12;16
2 3
2 8
8 10;15
10;15 14
6 9
1 4
1 11
1 6
0 2
0 1
12 #edges, tree 238
2 7
2 3
2 8
8 14
9 5;12;16
6 10;15
6 9
1 4
1 11
1 6
0 2
0 1
12 #edges, tree 239
2 7
2 3
2 8
8 10;15
10;15 14
9 5;12;16
6 9
1 4
1 11
1 6
0 2
0 1
12 #edges, tree 240
2 7
2 3
2 8
10;15 14
9 5;12;16
6 10;15
6 9
1 4
1 11
1 6
0 2
0 1
12 #edges, tree 241
7 5;12;16
2 7
2 3
2 8
10;15 14
6 10;15
6 9
1 4
1 11
1 6
0 2
0 1
12 #edges, tree 242
7 5;12;16
2 7
2 3
2 8
8 14
6 10;15
6 9
1 4
1 11
1 6
0 2
0 1
12 #edges, tree 243
7 5;12;16
2 7
2 3
2 8
8 10;15
10;15 14
6 9
1 4
1 11
1 6
0 2
0 1
12 #edges, tree 244
7 5;12;16
7 9
2 7
2 3
2 8
8 14
6 10;15
1 4
1 11
1 6
0 2
0 1
12 #edges, tree 245
7 9
2 7
2 5;12;16
2 3
2 8
8 14
6 10;15
1 4
1 11
1 6
0 2
0 1
12 #edges, tree 246
7 9
2 7
2 3
2 8
8 14
9 5;12;16
6 10;15
1 4
1 11
1 6
0 2
0 1
12 #edges, tree 247
7 9
2 7
2 5;12;16
2 3
2 8
10;15 14
6 10;15
1 4
1 11
1 6
0 2
0 1
12 #edges, tree 248
7 5;12;16
7 9
2 7
2 3
2 8
10;15 14
6 10;15
1 4
1 11
1 6
0 2
0 1
12 #edges, tree 249
7 9
2 7
2 3
2 8
10;15 14
9 5;12;16
6 10;15
1 4
1 11
1 6
0 2
0 1
12 #edges, tree 250
7 9
2 7
2 5;12;16
2 3
2 8
8 10;15
10;15 14
1 4
1 11
1 6
0 2
0 1
12 #edges, tree 251
7 5;12;16
7 9
2 7
2 3
2 8
8 10;15
10;15 14
1 4
1 11
1 6
0 2
0 1
12 #edges, tree 252
7 9
2 7
2 3
2 8
8 10;15
10;15 14
9 5;12;16
1 4
1 11
1 6
0 2
0 1
