# 25 out of 25 mutations
12 #trees
12 #edges, tree 1
6;9 17
6;9 14;21;24
2;4;8 16;18
2;4;8 10;19
1;3;7;13 22;25
1;3;7;13 15
0 11
0 12;23
0 6;9
0 5
0 2;4;8
0 1;3;7;13
12 #edges, tree 2
6;9 17
6;9 14;21;24
10;19 11
2;4;8 16;18
2;4;8 10;19
1;3;7;13 22;25
1;3;7;13 15
0 12;23
0 6;9
0 5
0 2;4;8
0 1;3;7;13
12 #edges, tree 3
6;9 17
6;9 14;21;24
2;4;8 16;18
2;4;8 10;19
2;4;8 22;25
1;3;7;13 15
0 11
0 12;23
0 6;9
0 5
0 2;4;8
0 1;3;7;13
12 #edges, tree 4
6;9 17
6;9 14;21;24
5 22;25
2;4;8 16;18
2;4;8 10;19
1;3;7;13 15
0 11
0 12;23
0 6;9
0 5
0 2;4;8
0 1;3;7;13
12 #edges, tree 5
6;9 17
6;9 14;21;24
10;19 11
2;4;8 16;18
2;4;8 10;19
2;4;8 22;25
1;3;7;13 15
0 12;23
0 6;9
0 5
0 2;4;8
0 1;3;7;13
12 #edges, tree 6
6;9 17
6;9 14;21;24
5 22;25
10;19 11
2;4;8 16;18
2;4;8 10;19
1;3;7;13 15
0 12;23
0 6;9
0 5
0 2;4;8
0 1;3;7;13
12 #edges, tree 7
6;9 17
6;9 14;21;24
6;9 12;23
2;4;8 16;18
2;4;8 10;19
2;4;8 22;25
1;3;7;13 15
0 11
0 6;9
0 5
0 2;4;8
0 1;3;7;13
12 #edges, tree 8
6;9 17
6;9 14;21;24
6;9 12;23
2;4;8 16;18
2;4;8 10;19
1;3;7;13 22;25
1;3;7;13 15
0 11
0 6;9
0 5
0 2;4;8
0 1;3;7;13
12 #edges, tree 9
6;9 17
6;9 14;21;24
6;9 12;23
5 22;25
2;4;8 16;18
2;4;8 10;19
1;3;7;13 15
0 11
0 6;9
0 5
0 2;4;8
0 1;3;7;13
12 #edges, tree 10
6;9 17
6;9 14;21;24
6;9 12;23
5 22;25
10;19 11
2;4;8 16;18
2;4;8 10;19
1;3;7;13 15
0 6;9
0 5
0 2;4;8
0 1;3;7;13
12 #edges, tree 11
6;9 17
6;9 14;21;24
6;9 12;23
10;19 11
2;4;8 16;18
2;4;8 10;19
2;4;8 22;25
1;3;7;13 15
0 6;9
0 5
0 2;4;8
0 1;3;7;13
12 #edges, tree 12
6;9 17
6;9 14;21;24
6;9 12;23
10;19 11
2;4;8 16;18
2;4;8 10;19
1;3;7;13 22;25
1;3;7;13 15
0 6;9
0 5
0 2;4;8
0 1;3;7;13
