# 10 out of 10 mutations
36 #trees
8 #edges, tree 1
5 9
1 5
1 4
0 8
0 3
0 2;10
0 6
0 1
8 #edges, tree 2
5 9
9 2;10
1 4
0 8
0 5
0 3
0 6
0 1
8 #edges, tree 3
5 9
1 2;10
1 4
0 8
0 5
0 3
0 6
0 1
8 #edges, tree 4
5 2;10
1 9
1 4
0 8
0 5
0 3
0 6
0 1
8 #edges, tree 5
9 2;10
1 9
1 4
0 8
0 5
0 3
0 6
0 1
8 #edges, tree 6
9 2;10
1 5
1 4
0 8
0 3
0 9
0 6
0 1
8 #edges, tree 7
5 2;10
1 5
1 4
0 8
0 3
0 9
0 6
0 1
8 #edges, tree 8
5 9
9 2;10
1 5
1 4
0 8
0 3
0 6
0 1
8 #edges, tree 9
2;10 6
1 5
1 4
0 8
0 3
0 2;10
0 9
0 1
8 #edges, tree 10
5 9
2;10 6
1 5
1 4
0 8
0 3
0 2;10
0 1
8 #edges, tree 11
2;10 6
1 9
1 4
0 8
0 5
0 3
0 2;10
0 1
8 #edges, tree 12
5 9
2;10 6
1 4
0 8
0 5
0 3
0 2;10
0 1
8 #edges, tree 13
9 6
1 5
1 4
0 8
0 3
0 2;10
0 9
0 1
8 #edges, tree 14
5 6
1 5
1 4
0 8
0 3
0 2;10
0 9
0 1
8 #edges, tree 15
5 6
1 9
1 4
0 8
0 5
0 3
0 2;10
0 1
8 #edges, tree 16
5 9
1 6
1 4
0 8
0 5
0 3
0 2;10
0 1
8 #edges, tree 17
5 9
9 6
1 4
0 8
0 5
0 3
0 2;10
0 1
8 #edges, tree 18
9 6
1 9
1 4
0 8
0 5
0 3
0 2;10
0 1
8 #edges, tree 19
1 9
1 6
1 4
0 8
0 5
0 3
0 2;10
0 1
8 #edges, tree 20
5 9
9 6
1 5
1 4
0 8
0 3
0 2;10
0 1
8 #edges, tree 21
5 2;10
9 6
1 5
1 4
0 8
0 3
0 9
0 1
8 #edges, tree 22
2;10 6
9 2;10
1 5
1 4
0 8
0 3
0 9
0 1
8 #edges, tree 23
5 6
9 2;10
1 5
1 4
0 8
0 3
0 9
0 1
8 #edges, tree 24
5 2;10
2;10 6
1 5
1 4
0 8
0 3
0 9
0 1
8 #edges, tree 25
5 9
2;10 6
9 2;10
1 4
0 8
0 5
0 3
0 1
8 #edges, tree 26
5 9
9 2;10
1 6
1 4
0 8
0 5
0 3
0 1
8 #edges, tree 27
5 9
9 6
1 2;10
1 4
0 8
0 5
0 3
0 1
8 #edges, tree 28
5 9
1 2;10
1 6
1 4
0 8
0 5
0 3
0 1
8 #edges, tree 29
5 9
2;10 6
1 2;10
1 4
0 8
0 5
0 3
0 1
8 #edges, tree 30
5 2;10
2;10 6
1 9
1 4
0 8
0 5
0 3
0 1
8 #edges, tree 31
5 2;10
9 6
1 9
1 4
0 8
0 5
0 3
0 1
8 #edges, tree 32
5 2;10
1 9
1 6
1 4
0 8
0 5
0 3
0 1
8 #edges, tree 33
5 6
9 2;10
1 9
1 4
0 8
0 5
0 3
0 1
8 #edges, tree 34
9 2;10
1 9
1 6
1 4
0 8
0 5
0 3
0 1
8 #edges, tree 35
2;10 6
9 2;10
1 9
1 4
0 8
0 5
0 3
0 1
8 #edges, tree 36
5 9
2;10 6
9 2;10
1 5
1 4
0 8
0 3
0 1
