# 10 out of 10 mutations
36 #trees
8 #edges, tree 1
5 8
4 9
1 7
1 6
1 5
1 4
0 2;3
0 1
8 #edges, tree 2
5 8
9 6
4 9
1 7
1 5
1 4
0 2;3
0 1
8 #edges, tree 3
6 8
5 6
4 9
1 7
1 5
1 4
0 2;3
0 1
8 #edges, tree 4
5 6
4 9
1 8
1 7
1 5
1 4
0 2;3
0 1
8 #edges, tree 5
5 6
9 8
4 9
1 7
1 5
1 4
0 2;3
0 1
8 #edges, tree 6
4 9
1 8
1 7
1 6
1 5
1 4
0 2;3
0 1
8 #edges, tree 7
9 6
4 9
1 8
1 7
1 5
1 4
0 2;3
0 1
8 #edges, tree 8
6 8
4 9
1 7
1 6
1 5
1 4
0 2;3
0 1
8 #edges, tree 9
9 8
4 9
1 7
1 6
1 5
1 4
0 2;3
0 1
8 #edges, tree 10
9 8
9 6
4 9
1 7
1 5
1 4
0 2;3
0 1
8 #edges, tree 11
6 8
9 6
4 9
1 7
1 5
1 4
0 2;3
0 1
8 #edges, tree 12
5 6
9 8
9 5
1 7
1 9
1 4
0 2;3
0 1
8 #edges, tree 13
9 8
9 5
4 6
1 7
1 9
1 4
0 2;3
0 1
8 #edges, tree 14
9 8
9 6
4 5
1 7
1 9
1 4
0 2;3
0 1
8 #edges, tree 15
5 6
9 8
4 5
1 7
1 9
1 4
0 2;3
0 1
8 #edges, tree 16
5 8
9 6
4 5
1 7
1 9
1 4
0 2;3
0 1
8 #edges, tree 17
9 6
4 5
1 8
1 7
1 9
1 4
0 2;3
0 1
8 #edges, tree 18
9 6
4 8
4 5
1 7
1 9
1 4
0 2;3
0 1
8 #edges, tree 19
6 8
9 6
4 5
1 7
1 9
1 4
0 2;3
0 1
8 #edges, tree 20
5 6
9 5
1 8
1 7
1 9
1 4
0 2;3
0 1
8 #edges, tree 21
9 5
4 6
1 8
1 7
1 9
1 4
0 2;3
0 1
8 #edges, tree 22
5 6
4 5
1 8
1 7
1 9
1 4
0 2;3
0 1
8 #edges, tree 23
9 5
4 8
4 6
1 7
1 9
1 4
0 2;3
0 1
8 #edges, tree 24
5 8
9 5
4 6
1 7
1 9
1 4
0 2;3
0 1
8 #edges, tree 25
6 8
9 5
4 6
1 7
1 9
1 4
0 2;3
0 1
8 #edges, tree 26
6 8
5 6
9 5
1 7
1 9
1 4
0 2;3
0 1
8 #edges, tree 27
5 6
9 5
4 8
1 7
1 9
1 4
0 2;3
0 1
8 #edges, tree 28
5 6
4 8
4 5
1 7
1 9
1 4
0 2;3
0 1
8 #edges, tree 29
6 8
5 6
4 5
1 7
1 9
1 4
0 2;3
0 1
8 #edges, tree 30
6 8
9 5
4 9
1 7
1 6
1 4
0 2;3
0 1
8 #edges, tree 31
9 8
9 5
4 9
1 7
1 6
1 4
0 2;3
0 1
8 #edges, tree 32
9 5
4 9
1 8
1 7
1 6
1 4
0 2;3
0 1
8 #edges, tree 33
5 8
9 5
4 9
1 7
1 6
1 4
0 2;3
0 1
8 #edges, tree 34
5 6
9 8
9 5
4 9
1 7
1 4
0 2;3
0 1
8 #edges, tree 35
6 8
5 6
9 5
4 9
1 7
1 4
0 2;3
0 1
8 #edges, tree 36
5 6
9 5
4 9
1 8
1 7
1 4
0 2;3
0 1
