# 24 out of 24 mutations
7 #trees
8 #edges, tree 1
28 29
8;13;17;19;20;22;24;26 28
7;10;11;12;18;21;23;27 30
3;4 8;13;17;19;20;22;24;26
3;4 7;10;11;12;18;21;23;27
0 3;4
0 2
0 1
8 #edges, tree 2
8;13;17;19;20;22;24;26 28
7;10;11;12;18;21;23;27 29
7;10;11;12;18;21;23;27 30
3;4 8;13;17;19;20;22;24;26
3;4 7;10;11;12;18;21;23;27
0 3;4
0 2
0 1
8 #edges, tree 3
29 30
8;13;17;19;20;22;24;26 28
7;10;11;12;18;21;23;27 29
3;4 8;13;17;19;20;22;24;26
3;4 7;10;11;12;18;21;23;27
0 3;4
0 2
0 1
8 #edges, tree 4
28 30
8;13;17;19;20;22;24;26 28
7;10;11;12;18;21;23;27 29
3;4 8;13;17;19;20;22;24;26
3;4 7;10;11;12;18;21;23;27
0 3;4
0 2
0 1
8 #edges, tree 5
8;13;17;19;20;22;24;26 28
8;13;17;19;20;22;24;26 30
7;10;11;12;18;21;23;27 29
3;4 8;13;17;19;20;22;24;26
3;4 7;10;11;12;18;21;23;27
0 3;4
0 2
0 1
8 #edges, tree 6
28 29
8;13;17;19;20;22;24;26 28
8;13;17;19;20;22;24;26 30
3;4 8;13;17;19;20;22;24;26
3;4 7;10;11;12;18;21;23;27
0 3;4
0 2
0 1
8 #edges, tree 7
29 30
28 29
8;13;17;19;20;22;24;26 28
3;4 8;13;17;19;20;22;24;26
3;4 7;10;11;12;18;21;23;27
0 3;4
0 2
0 1
