# 11 out of 11 mutations
66 #trees
8 #edges, tree 1
6;7 3
2 4
0 10
0 6;7
0 5
0 8;9
0 2
0 1
8 #edges, tree 2
2 3
0 10
0 6;7
0 5
0 8;9
0 4
0 2
0 1
8 #edges, tree 3
6;7 3
0 10
0 6;7
0 5
0 8;9
0 4
0 2
0 1
8 #edges, tree 4
6;7 4
2 3
0 10
0 6;7
0 5
0 8;9
0 2
0 1
8 #edges, tree 5
6;7 4
6;7 3
0 10
0 6;7
0 5
0 8;9
0 2
0 1
8 #edges, tree 6
3 4
2 3
0 10
0 6;7
0 5
0 8;9
0 2
0 1
8 #edges, tree 7
6;7 3
3 4
0 10
0 6;7
0 5
0 8;9
0 2
0 1
8 #edges, tree 8
6;7 2
0 10
0 6;7
0 5
0 8;9
0 4
0 3
0 1
8 #edges, tree 9
6;7 2
2 3
0 10
0 6;7
0 5
0 8;9
0 4
0 1
8 #edges, tree 10
6;7 2
3 4
0 10
0 6;7
0 5
0 8;9
0 3
0 1
8 #edges, tree 11
6;7 2
2 4
0 10
0 6;7
0 5
0 8;9
0 3
0 1
8 #edges, tree 12
6;7 2
3 4
2 3
0 10
0 6;7
0 5
0 8;9
0 1
8 #edges, tree 13
4 8;9
2 3
0 10
0 6;7
0 5
0 4
0 2
0 1
8 #edges, tree 14
6;7 3
4 8;9
0 10
0 6;7
0 5
0 4
0 2
0 1
8 #edges, tree 15
6;7 2
4 8;9
2 3
0 10
0 6;7
0 5
0 4
0 1
8 #edges, tree 16
6;7 2
4 8;9
0 10
0 6;7
0 5
0 4
0 3
0 1
8 #edges, tree 17
6;7 2
3 8;9
0 10
0 6;7
0 5
0 4
0 3
0 1
8 #edges, tree 18
6;7 2
2 8;9
0 10
0 6;7
0 5
0 4
0 3
0 1
8 #edges, tree 19
6;7 8;9
6;7 2
0 10
0 6;7
0 5
0 4
0 3
0 1
8 #edges, tree 20
6;7 3
3 8;9
0 10
0 6;7
0 5
0 4
0 2
0 1
8 #edges, tree 21
6;7 3
2 8;9
0 10
0 6;7
0 5
0 4
0 2
0 1
8 #edges, tree 22
6;7 8;9
6;7 3
0 10
0 6;7
0 5
0 4
0 2
0 1
8 #edges, tree 23
6;7 8;9
6;7 2
2 3
0 10
0 6;7
0 5
0 4
0 1
8 #edges, tree 24
6;7 2
3 8;9
2 3
0 10
0 6;7
0 5
0 4
0 1
8 #edges, tree 25
6;7 8;9
2 3
0 10
0 6;7
0 5
0 4
0 2
0 1
8 #edges, tree 26
3 8;9
2 3
0 10
0 6;7
0 5
0 4
0 2
0 1
8 #edges, tree 27
3 8;9
3 4
0 10
0 6;7
0 5
0 3
0 2
0 1
8 #edges, tree 28
6;7 2
3 8;9
3 4
0 10
0 6;7
0 5
0 3
0 1
8 #edges, tree 29
4 8;9
3 4
0 10
0 6;7
0 5
0 3
0 2
0 1
8 #edges, tree 30
3 4
2 8;9
0 10
0 6;7
0 5
0 3
0 2
0 1
8 #edges, tree 31
6;7 8;9
3 4
0 10
0 6;7
0 5
0 3
0 2
0 1
8 #edges, tree 32
6;7 2
4 8;9
3 4
0 10
0 6;7
0 5
0 3
0 1
8 #edges, tree 33
6;7 8;9
6;7 2
3 4
0 10
0 6;7
0 5
0 3
0 1
8 #edges, tree 34
6;7 2
3 4
2 8;9
0 10
0 6;7
0 5
0 3
0 1
8 #edges, tree 35
6;7 4
4 8;9
0 10
0 6;7
0 5
0 3
0 2
0 1
8 #edges, tree 36
6;7 4
2 8;9
0 10
0 6;7
0 5
0 3
0 2
0 1
8 #edges, tree 37
6;7 4
3 8;9
0 10
0 6;7
0 5
0 3
0 2
0 1
8 #edges, tree 38
6;7 8;9
6;7 4
0 10
0 6;7
0 5
0 3
0 2
0 1
8 #edges, tree 39
4 8;9
2 4
0 10
0 6;7
0 5
0 3
0 2
0 1
8 #edges, tree 40
2 8;9
2 4
0 10
0 6;7
0 5
0 3
0 2
0 1
8 #edges, tree 41
3 8;9
2 4
0 10
0 6;7
0 5
0 3
0 2
0 1
8 #edges, tree 42
6;7 8;9
2 4
0 10
0 6;7
0 5
0 3
0 2
0 1
8 #edges, tree 43
6;7 8;9
6;7 2
2 4
0 10
0 6;7
0 5
0 3
0 1
8 #edges, tree 44
6;7 2
3 8;9
2 4
0 10
0 6;7
0 5
0 3
0 1
8 #edges, tree 45
6;7 2
2 8;9
2 4
0 10
0 6;7
0 5
0 3
0 1
8 #edges, tree 46
6;7 2
4 8;9
2 4
0 10
0 6;7
0 5
0 3
0 1
8 #edges, tree 47
6;7 3
4 8;9
2 4
0 10
0 6;7
0 5
0 2
0 1
8 #edges, tree 48
6;7 8;9
6;7 3
2 4
0 10
0 6;7
0 5
0 2
0 1
8 #edges, tree 49
6;7 3
3 8;9
2 4
0 10
0 6;7
0 5
0 2
0 1
8 #edges, tree 50
6;7 3
2 8;9
2 4
0 10
0 6;7
0 5
0 2
0 1
8 #edges, tree 51
6;7 4
3 8;9
2 3
0 10
0 6;7
0 5
0 2
0 1
8 #edges, tree 52
3 8;9
3 4
2 3
0 10
0 6;7
0 5
0 2
0 1
8 #edges, tree 53
6;7 8;9
3 4
2 3
0 10
0 6;7
0 5
0 2
0 1
8 #edges, tree 54
4 8;9
3 4
2 3
0 10
0 6;7
0 5
0 2
0 1
8 #edges, tree 55
6;7 8;9
6;7 4
2 3
0 10
0 6;7
0 5
0 2
0 1
8 #edges, tree 56
6;7 4
4 8;9
2 3
0 10
0 6;7
0 5
0 2
0 1
8 #edges, tree 57
6;7 8;9
6;7 3
3 4
0 10
0 6;7
0 5
0 2
0 1
8 #edges, tree 58
6;7 4
6;7 3
3 8;9
0 10
0 6;7
0 5
0 2
0 1
8 #edges, tree 59
6;7 4
6;7 3
4 8;9
0 10
0 6;7
0 5
0 2
0 1
8 #edges, tree 60
6;7 4
6;7 3
2 8;9
0 10
0 6;7
0 5
0 2
0 1
8 #edges, tree 61
6;7 3
3 4
2 8;9
0 10
0 6;7
0 5
0 2
0 1
8 #edges, tree 62
6;7 3
3 8;9
3 4
0 10
0 6;7
0 5
0 2
0 1
8 #edges, tree 63
6;7 3
4 8;9
3 4
0 10
0 6;7
0 5
0 2
0 1
8 #edges, tree 64
6;7 8;9
6;7 2
3 4
2 3
0 10
0 6;7
0 5
0 1
8 #edges, tree 65
6;7 2
3 8;9
3 4
2 3
0 10
0 6;7
0 5
0 1
8 #edges, tree 66
6;7 2
4 8;9
3 4
2 3
0 10
0 6;7
0 5
0 1
