# 19 out of 19 mutations
7 #trees
8 #edges, tree 1
3 10;14
2 13;16;17;18
2 8;11
0;1 15
0;1 6;7;9;12
0;1 4;5
0;1 3
0;1 2
8 #edges, tree 2
3 10;14
8;11 13;16;17;18
2 8;11
0;1 15
0;1 6;7;9;12
0;1 4;5
0;1 3
0;1 2
8 #edges, tree 3
3 10;14
8;11 13;16;17;18
2 4;5
2 8;11
0;1 15
0;1 6;7;9;12
0;1 3
0;1 2
8 #edges, tree 4
3 10;14
13;16;17;18 4;5
8;11 13;16;17;18
2 8;11
0;1 15
0;1 6;7;9;12
0;1 3
0;1 2
8 #edges, tree 5
3 10;14
8;11 4;5
8;11 13;16;17;18
2 8;11
0;1 15
0;1 6;7;9;12
0;1 3
0;1 2
8 #edges, tree 6
3 10;14
8;11 4;5
2 13;16;17;18
2 8;11
0;1 15
0;1 6;7;9;12
0;1 3
0;1 2
8 #edges, tree 7
3 10;14
13;16;17;18 4;5
2 13;16;17;18
2 8;11
0;1 15
0;1 6;7;9;12
0;1 3
0;1 2
