# 12 out of 12 mutations
19 #trees
8 #edges, tree 1
5 4;8;11
5 9
3 6
3 5
0;1 7
0;1 3
0;1 10
0;1 2
8 #edges, tree 2
4;8;11 9
5 4;8;11
3 6
3 5
0;1 7
0;1 3
0;1 10
0;1 2
8 #edges, tree 3
9 10
5 4;8;11
3 6
3 5
0;1 7
0;1 9
0;1 3
0;1 2
8 #edges, tree 4
4;8;11 10
5 4;8;11
3 6
3 5
0;1 7
0;1 9
0;1 3
0;1 2
8 #edges, tree 5
5 4;8;11
3 6
3 5
2 10
0;1 7
0;1 9
0;1 3
0;1 2
8 #edges, tree 6
5 4;8;11
5 10
3 6
3 5
0;1 7
0;1 9
0;1 3
0;1 2
8 #edges, tree 7
4;8;11 10
5 9
3 6
3 5
0;1 7
0;1 4;8;11
0;1 3
0;1 2
8 #edges, tree 8
4;8;11 9
5 10
3 6
3 5
0;1 7
0;1 4;8;11
0;1 3
0;1 2
8 #edges, tree 9
4;8;11 9
9 10
3 6
3 5
0;1 7
0;1 4;8;11
0;1 3
0;1 2
8 #edges, tree 10
4;8;11 9
3 6
3 5
2 10
0;1 7
0;1 4;8;11
0;1 3
0;1 2
8 #edges, tree 11
5 9
5 10
3 6
3 5
0;1 7
0;1 4;8;11
0;1 3
0;1 2
8 #edges, tree 12
5 9
3 6
3 5
2 10
0;1 7
0;1 4;8;11
0;1 3
0;1 2
8 #edges, tree 13
9 10
5 9
3 6
3 5
0;1 7
0;1 4;8;11
0;1 3
0;1 2
8 #edges, tree 14
5 4;8;11
5 9
3 6
3 5
2 10
0;1 7
0;1 3
0;1 2
8 #edges, tree 15
4;8;11 9
5 4;8;11
3 6
3 5
2 10
0;1 7
0;1 3
0;1 2
8 #edges, tree 16
9 10
5 4;8;11
5 9
3 6
3 5
0;1 7
0;1 3
0;1 2
8 #edges, tree 17
4;8;11 10
5 4;8;11
5 9
3 6
3 5
0;1 7
0;1 3
0;1 2
8 #edges, tree 18
4;8;11 9
5 4;8;11
5 10
3 6
3 5
0;1 7
0;1 3
0;1 2
8 #edges, tree 19
4;8;11 9
9 10
5 4;8;11
3 6
3 5
0;1 7
0;1 3
0;1 2
