# 12 out of 12 mutations
9 #trees
8 #edges, tree 1
4;9 6
2 10
1 4;9
0 7
0 5
0 2
0 3;8;11
0 1
8 #edges, tree 2
2 10
6 3;8;11
1 4;9
0 7
0 5
0 2
0 6
0 1
8 #edges, tree 3
4;9 3;8;11
2 10
1 4;9
0 7
0 5
0 2
0 6
0 1
8 #edges, tree 4
4;9 6
2 10
1 3;8;11
0 7
0 5
0 4;9
0 2
0 1
8 #edges, tree 5
4;9 6
2 10
6 3;8;11
0 7
0 5
0 4;9
0 2
0 1
8 #edges, tree 6
4;9 3;8;11
2 10
1 6
0 7
0 5
0 4;9
0 2
0 1
8 #edges, tree 7
2 10
1 6
1 3;8;11
0 7
0 5
0 4;9
0 2
0 1
8 #edges, tree 8
2 10
6 3;8;11
1 6
0 7
0 5
0 4;9
0 2
0 1
8 #edges, tree 9
4;9 6
2 10
6 3;8;11
1 4;9
0 7
0 5
0 2
0 1
