# 10 out of 10 mutations
56 #trees
8 #edges, tree 1
5 3
4 9
4 5
1;2 7
0 8
0 4
0 6
0 1;2
8 #edges, tree 2
5 7
4 9
4 5
1;2 3
0 8
0 4
0 6
0 1;2
8 #edges, tree 3
4 9
4 5
3 7
1;2 3
0 8
0 4
0 6
0 1;2
8 #edges, tree 4
5 3
4 9
4 5
3 7
0 8
0 4
0 6
0 1;2
8 #edges, tree 5
5 3
4 9
4 7
1;2 5
0 8
0 4
0 6
0 1;2
8 #edges, tree 6
4 9
4 3
3 7
1;2 5
0 8
0 4
0 6
0 1;2
8 #edges, tree 7
5 7
4 9
4 3
1;2 5
0 8
0 4
0 6
0 1;2
8 #edges, tree 8
5 3
4 9
3 7
1;2 5
0 8
0 4
0 6
0 1;2
8 #edges, tree 9
4 9
4 5
3 6
1;2 3
0 8
0 4
0 7
0 1;2
8 #edges, tree 10
4 9
4 5
7 6
1;2 3
0 8
0 4
0 7
0 1;2
8 #edges, tree 11
5 6
4 9
4 5
1;2 3
0 8
0 4
0 7
0 1;2
8 #edges, tree 12
4 9
4 3
7 6
1;2 5
0 8
0 4
0 7
0 1;2
8 #edges, tree 13
5 3
4 9
7 6
1;2 5
0 8
0 4
0 7
0 1;2
8 #edges, tree 14
5 3
4 9
4 5
7 6
0 8
0 4
0 7
0 1;2
8 #edges, tree 15
5 6
4 9
4 3
1;2 5
0 8
0 4
0 7
0 1;2
8 #edges, tree 16
4 9
4 3
3 6
1;2 5
0 8
0 4
0 7
0 1;2
8 #edges, tree 17
5 3
4 9
4 5
1;2 6
0 8
0 4
0 7
0 1;2
8 #edges, tree 18
5 3
4 9
4 5
3 6
0 8
0 4
0 7
0 1;2
8 #edges, tree 19
5 3
4 9
4 6
1;2 5
0 8
0 4
0 7
0 1;2
8 #edges, tree 20
5 3
4 9
3 6
1;2 5
0 8
0 4
0 7
0 1;2
8 #edges, tree 21
4 9
4 5
1;2 7
1;2 6
0 8
0 4
0 3
0 1;2
8 #edges, tree 22
5 7
4 9
4 5
1;2 6
0 8
0 4
0 3
0 1;2
8 #edges, tree 23
4 9
4 5
3 7
1;2 6
0 8
0 4
0 3
0 1;2
8 #edges, tree 24
5 3
4 9
4 5
3 7
1;2 6
0 8
0 4
0 1;2
8 #edges, tree 25
5 3
4 9
4 5
1;2 7
1;2 6
0 8
0 4
0 1;2
8 #edges, tree 26
5 6
4 9
4 5
3 7
1;2 3
0 8
0 4
0 1;2
8 #edges, tree 27
4 9
4 5
3 7
7 6
1;2 3
0 8
0 4
0 1;2
8 #edges, tree 28
5 7
4 9
4 5
3 6
1;2 3
0 8
0 4
0 1;2
8 #edges, tree 29
5 7
4 9
4 5
7 6
1;2 3
0 8
0 4
0 1;2
8 #edges, tree 30
5 3
4 9
4 7
7 6
1;2 5
0 8
0 4
0 1;2
8 #edges, tree 31
5 3
4 9
4 7
3 6
1;2 5
0 8
0 4
0 1;2
8 #edges, tree 32
5 6
4 9
4 7
1;2 5
0 8
0 4
0 3
0 1;2
8 #edges, tree 33
4 9
4 7
3 6
1;2 5
0 8
0 4
0 3
0 1;2
8 #edges, tree 34
4 9
4 7
7 6
1;2 5
0 8
0 4
0 3
0 1;2
8 #edges, tree 35
5 7
4 9
4 6
1;2 5
0 8
0 4
0 3
0 1;2
8 #edges, tree 36
4 9
4 6
3 7
1;2 5
0 8
0 4
0 3
0 1;2
8 #edges, tree 37
5 3
4 9
4 6
3 7
1;2 5
0 8
0 4
0 1;2
8 #edges, tree 38
5 7
4 9
4 3
7 6
1;2 5
0 8
0 4
0 1;2
8 #edges, tree 39
5 7
4 9
4 3
3 6
1;2 5
0 8
0 4
0 1;2
8 #edges, tree 40
5 6
4 9
4 3
3 7
1;2 5
0 8
0 4
0 1;2
8 #edges, tree 41
4 9
4 3
3 7
7 6
1;2 5
0 8
0 4
0 1;2
8 #edges, tree 42
5 7
4 9
3 6
1;2 5
0 8
0 4
0 3
0 1;2
8 #edges, tree 43
5 7
4 9
7 6
1;2 5
0 8
0 4
0 3
0 1;2
8 #edges, tree 44
5 6
4 9
3 7
1;2 5
0 8
0 4
0 3
0 1;2
8 #edges, tree 45
4 9
3 7
7 6
1;2 5
0 8
0 4
0 3
0 1;2
8 #edges, tree 46
5 3
4 9
3 7
7 6
1;2 5
0 8
0 4
0 1;2
8 #edges, tree 47
4 9
4 5
3 6
1;2 7
0 8
0 4
0 3
0 1;2
8 #edges, tree 48
4 9
4 5
7 6
1;2 7
0 8
0 4
0 3
0 1;2
8 #edges, tree 49
5 6
4 9
4 5
1;2 7
0 8
0 4
0 3
0 1;2
8 #edges, tree 50
5 3
4 9
4 5
7 6
1;2 7
0 8
0 4
0 1;2
8 #edges, tree 51
5 3
4 9
4 5
3 6
1;2 7
0 8
0 4
0 1;2
8 #edges, tree 52
5 7
4 9
4 5
3 6
0 8
0 4
0 3
0 1;2
8 #edges, tree 53
4 9
4 5
3 7
7 6
0 8
0 4
0 3
0 1;2
8 #edges, tree 54
5 6
4 9
4 5
3 7
0 8
0 4
0 3
0 1;2
8 #edges, tree 55
5 7
4 9
4 5
7 6
0 8
0 4
0 3
0 1;2
8 #edges, tree 56
5 3
4 9
4 5
3 7
7 6
0 8
0 4
0 1;2
