# 10 out of 10 mutations
18 #trees
8 #edges, tree 1
5 7
4 6
1;2 5
0 8
0 9
0 4
0 3
0 1;2
8 #edges, tree 2
4 5
1;2 7
1;2 6
0 8
0 9
0 4
0 3
0 1;2
8 #edges, tree 3
5 7
4 5
1;2 6
0 8
0 9
0 4
0 3
0 1;2
8 #edges, tree 4
4 7
7 6
1;2 5
0 8
0 9
0 4
0 3
0 1;2
8 #edges, tree 5
5 6
4 7
1;2 5
0 8
0 9
0 4
0 3
0 1;2
8 #edges, tree 6
5 7
7 6
1;2 5
0 8
0 9
0 4
0 3
0 1;2
8 #edges, tree 7
4 5
7 6
1;2 7
0 8
0 9
0 4
0 3
0 1;2
8 #edges, tree 8
5 6
4 5
1;2 7
0 8
0 9
0 4
0 3
0 1;2
8 #edges, tree 9
5 7
4 5
7 6
0 8
0 9
0 4
0 3
0 1;2
8 #edges, tree 10
4 9
4 5
1;2 7
1;2 6
0 8
0 4
0 3
0 1;2
8 #edges, tree 11
5 7
4 9
4 5
1;2 6
0 8
0 4
0 3
0 1;2
8 #edges, tree 12
4 9
4 5
7 6
1;2 7
0 8
0 4
0 3
0 1;2
8 #edges, tree 13
5 6
4 9
4 5
1;2 7
0 8
0 4
0 3
0 1;2
8 #edges, tree 14
5 6
4 9
4 7
1;2 5
0 8
0 4
0 3
0 1;2
8 #edges, tree 15
4 9
4 7
7 6
1;2 5
0 8
0 4
0 3
0 1;2
8 #edges, tree 16
5 7
4 9
7 6
1;2 5
0 8
0 4
0 3
0 1;2
8 #edges, tree 17
5 7
4 9
4 6
1;2 5
0 8
0 4
0 3
0 1;2
8 #edges, tree 18
5 7
4 9
4 5
7 6
0 8
0 4
0 3
0 1;2
