# 12 out of 12 mutations
13 #trees
8 #edges, tree 1
4;9 6
2 10
1 4;9
0 7
0 5
0 2
0 3;8;11
0 1
8 #edges, tree 2
2 10
2 3;8;11
1 4;9
0 7
0 5
0 2
0 6
0 1
8 #edges, tree 3
2 10
6 3;8;11
1 4;9
0 7
0 5
0 2
0 6
0 1
8 #edges, tree 4
4;9 3;8;11
2 10
1 4;9
0 7
0 5
0 2
0 6
0 1
8 #edges, tree 5
2 10
1 6
1 3;8;11
0 7
0 5
0 4;9
0 2
0 1
8 #edges, tree 6
2 10
6 3;8;11
1 6
0 7
0 5
0 4;9
0 2
0 1
8 #edges, tree 7
2 10
2 3;8;11
1 6
0 7
0 5
0 4;9
0 2
0 1
8 #edges, tree 8
4;9 3;8;11
2 10
1 6
0 7
0 5
0 4;9
0 2
0 1
8 #edges, tree 9
4;9 6
2 10
6 3;8;11
1 4;9
0 7
0 5
0 2
0 1
8 #edges, tree 10
4;9 6
2 10
2 3;8;11
1 4;9
0 7
0 5
0 2
0 1
8 #edges, tree 11
4;9 6
2 10
1 3;8;11
0 7
0 5
0 4;9
0 2
0 1
8 #edges, tree 12
4;9 6
2 10
2 3;8;11
0 7
0 5
0 4;9
0 2
0 1
8 #edges, tree 13
4;9 6
2 10
6 3;8;11
0 7
0 5
0 4;9
0 2
0 1
