# 16 out of 16 mutations
16 #trees
8 #edges, tree 1
9 14
7;10;13 8
6 12
6 9
6 16
6 7;10;13
0;1;2;3;4;5 11
0;1;2;3;4;5 6
8 #edges, tree 2
9 14
8 16
7;10;13 8
6 12
6 9
6 7;10;13
0;1;2;3;4;5 11
0;1;2;3;4;5 6
8 #edges, tree 3
9 14
9 12
7;10;13 8
6 9
6 16
6 7;10;13
0;1;2;3;4;5 11
0;1;2;3;4;5 6
8 #edges, tree 4
9 14
9 12
8 16
7;10;13 8
6 9
6 7;10;13
0;1;2;3;4;5 11
0;1;2;3;4;5 6
8 #edges, tree 5
9 14
9 12
7;10;13 16
6 9
6 8
6 7;10;13
0;1;2;3;4;5 11
0;1;2;3;4;5 6
8 #edges, tree 6
9 14
9 12
8 16
6 9
6 8
6 7;10;13
0;1;2;3;4;5 11
0;1;2;3;4;5 6
8 #edges, tree 7
9 14
8 12
8 16
7;10;13 8
6 9
6 7;10;13
0;1;2;3;4;5 11
0;1;2;3;4;5 6
8 #edges, tree 8
9 14
8 16
16 12
7;10;13 8
6 9
6 7;10;13
0;1;2;3;4;5 11
0;1;2;3;4;5 6
8 #edges, tree 9
9 14
16 12
7;10;13 8
6 9
6 16
6 7;10;13
0;1;2;3;4;5 11
0;1;2;3;4;5 6
8 #edges, tree 10
9 14
8 12
7;10;13 8
6 9
6 16
6 7;10;13
0;1;2;3;4;5 11
0;1;2;3;4;5 6
8 #edges, tree 11
9 14
7;10;13 12
7;10;13 16
6 9
6 8
6 7;10;13
0;1;2;3;4;5 11
0;1;2;3;4;5 6
8 #edges, tree 12
9 14
8 16
7;10;13 12
6 9
6 8
6 7;10;13
0;1;2;3;4;5 11
0;1;2;3;4;5 6
8 #edges, tree 13
9 14
8 16
16 12
6 9
6 8
6 7;10;13
0;1;2;3;4;5 11
0;1;2;3;4;5 6
8 #edges, tree 14
9 14
8 12
8 16
6 9
6 8
6 7;10;13
0;1;2;3;4;5 11
0;1;2;3;4;5 6
8 #edges, tree 15
9 14
16 12
7;10;13 16
6 9
6 8
6 7;10;13
0;1;2;3;4;5 11
0;1;2;3;4;5 6
8 #edges, tree 16
9 14
8 12
7;10;13 16
6 9
6 8
6 7;10;13
0;1;2;3;4;5 11
0;1;2;3;4;5 6
