# 16 out of 16 mutations
6 #trees
8 #edges, tree 1
7;10;13 12
7;10;13 16
6 9
6 8
6 7;10;13
0;1;2;3;4;5 11
0;1;2;3;4;5 14
0;1;2;3;4;5 6
8 #edges, tree 2
9 12
7;10;13 16
6 9
6 8
6 7;10;13
0;1;2;3;4;5 11
0;1;2;3;4;5 14
0;1;2;3;4;5 6
8 #edges, tree 3
16 12
7;10;13 16
6 9
6 8
6 7;10;13
0;1;2;3;4;5 11
0;1;2;3;4;5 14
0;1;2;3;4;5 6
8 #edges, tree 4
9 14
7;10;13 12
7;10;13 16
6 9
6 8
6 7;10;13
0;1;2;3;4;5 11
0;1;2;3;4;5 6
8 #edges, tree 5
9 14
9 12
7;10;13 16
6 9
6 8
6 7;10;13
0;1;2;3;4;5 11
0;1;2;3;4;5 6
8 #edges, tree 6
9 14
16 12
7;10;13 16
6 9
6 8
6 7;10;13
0;1;2;3;4;5 11
0;1;2;3;4;5 6
